boundries 51.5503 4.77339 51.5603 4.78339
floor
v -0.0312805 -0.1998 -0.905895 0 0.7 0 1 0 1 0
v -0.0259399 -0.1998 -0.834703 0 0.7 0 1 0 1 0
v -0.037384 -0.1998 -0.832033 0 0.7 0 1 0 1 0
v -0.037384 -0.1998 -0.832033 0 0.7 0 1 0 1 0
v -0.0423431 -0.1998 -0.90332 0 0.7 0 1 0 1 0
v -0.0312805 -0.1998 -0.905895 0 0.7 0 1 0 1 0
v -0.0259399 -0.1998 -0.834703 0 0.7 0 1 0 1 0
v -0.0205994 -0.1998 -0.761318 0 0.7 0 1 0 1 0
v -0.0320435 -0.1998 -0.758457 0 0.7 0 1 0 1 0
v -0.0320435 -0.1998 -0.758457 0 0.7 0 1 0 1 0
v -0.037384 -0.1998 -0.832033 0 0.7 0 1 0 1 0
v -0.0259399 -0.1998 -0.834703 0 0.7 0 1 0 1 0
v -0.0205994 -0.1998 -0.761318 0 0.7 0 1 0 1 0
v -0.0114441 -0.1998 -0.691748 0 0.7 0 1 0 1 0
v -0.0270844 -0.1998 -0.688124 0 0.7 0 1 0 1 0
v -0.0270844 -0.1998 -0.688124 0 0.7 0 1 0 1 0
v -0.0320435 -0.1998 -0.758457 0 0.7 0 1 0 1 0
v -0.0205994 -0.1998 -0.761318 0 0.7 0 1 0 1 0
v -0.401306 -0.1998 -0.748396 0 0.7 0 1 0 1 0
v -0.405121 -0.1998 -0.728321 0 0.7 0 1 0 1 0
v -0.447083 -0.1998 -0.743818 0 0.7 0 1 0 1 0
v -0.447083 -0.1998 -0.743818 0 0.7 0 1 0 1 0
v -0.449371 -0.1998 -0.727606 0 0.7 0 1 0 1 0
v -0.453949 -0.1998 -0.729322 0 0.7 0 1 0 1 0
v -0.728607 -0.1998 -0.967216 0 0.7 0 1 0 1 0
v -0.663376 -0.1998 -0.998068 0 0.7 0 1 0 1 0
v -0.675964 -0.1998 -0.979662 0 0.7 0 1 0 1 0
v -0.675964 -0.1998 -0.979662 0 0.7 0 1 0 1 0
v -0.693512 -0.1998 -0.957584 0 0.7 0 1 0 1 0
v -0.704956 -0.1998 -0.94533 0 0.7 0 1 0 1 0
v -0.704956 -0.1998 -0.94533 0 0.7 0 1 0 1 0
v -0.728607 -0.1998 -0.967216 0 0.7 0 1 0 1 0
v -0.675964 -0.1998 -0.979662 0 0.7 0 1 0 1 0
v -0.28801 -0.1998 -0.886917 0 0.7 0 1 0 1 0
v -0.271988 -0.1998 -0.889158 0 0.7 0 1 0 1 0
v -0.266266 -0.1998 -0.798988 0 0.7 0 1 0 1 0
v -0.266266 -0.1998 -0.798988 0 0.7 0 1 0 1 0
v -0.232315 -0.1998 -0.809193 0 0.7 0 1 0 1 0
v -0.205994 -0.1998 -0.811338 0 0.7 0 1 0 1 0
v -0.205994 -0.1998 -0.811338 0 0.7 0 1 0 1 0
v -0.205612 -0.1998 -0.811148 0 0.7 0 1 0 1 0
v -0.208664 -0.1998 -0.790882 0 0.7 0 1 0 1 0
v -0.208664 -0.1998 -0.790882 0 0.7 0 1 0 1 0
v -0.272751 -0.1998 -0.791502 0 0.7 0 1 0 1 0
v -0.273132 -0.1998 -0.796938 0 0.7 0 1 0 1 0
v -0.273132 -0.1998 -0.796938 0 0.7 0 1 0 1 0
v -0.291824 -0.1998 -0.795126 0 0.7 0 1 0 1 0
v -0.296783 -0.1998 -0.862408 0 0.7 0 1 0 1 0
v -0.266266 -0.1998 -0.798988 0 0.7 0 1 0 1 0
v -0.205994 -0.1998 -0.811338 0 0.7 0 1 0 1 0
v -0.208664 -0.1998 -0.790882 0 0.7 0 1 0 1 0
v -0.266266 -0.1998 -0.798988 0 0.7 0 1 0 1 0
v -0.208664 -0.1998 -0.790882 0 0.7 0 1 0 1 0
v -0.273132 -0.1998 -0.796938 0 0.7 0 1 0 1 0
v -0.28801 -0.1998 -0.886917 0 0.7 0 1 0 1 0
v -0.266266 -0.1998 -0.798988 0 0.7 0 1 0 1 0
v -0.273132 -0.1998 -0.796938 0 0.7 0 1 0 1 0
v -0.28801 -0.1998 -0.886917 0 0.7 0 1 0 1 0
v -0.273132 -0.1998 -0.796938 0 0.7 0 1 0 1 0
v -0.296783 -0.1998 -0.862408 0 0.7 0 1 0 1 0
v -0.159836 -0.1998 -0.810146 0 0.7 0 1 0 1 0
v -0.167465 -0.1998 -0.818586 0 0.7 0 1 0 1 0
v -0.170135 -0.1998 -0.822783 0 0.7 0 1 0 1 0
v -0.170135 -0.1998 -0.822783 0 0.7 0 1 0 1 0
v -0.172424 -0.1998 -0.831318 0 0.7 0 1 0 1 0
v -0.174332 -0.1998 -0.858402 0 0.7 0 1 0 1 0
v -0.174332 -0.1998 -0.858402 0 0.7 0 1 0 1 0
v -0.178909 -0.1998 -0.915623 0 0.7 0 1 0 1 0
v -0.157928 -0.1998 -0.919437 0 0.7 0 1 0 1 0
v -0.157928 -0.1998 -0.919437 0 0.7 0 1 0 1 0
v -0.152969 -0.1998 -0.905895 0 0.7 0 1 0 1 0
v -0.156403 -0.1998 -0.895119 0 0.7 0 1 0 1 0
v -0.159836 -0.1998 -0.810146 0 0.7 0 1 0 1 0
v -0.170135 -0.1998 -0.822783 0 0.7 0 1 0 1 0
v -0.174332 -0.1998 -0.858402 0 0.7 0 1 0 1 0
v -0.174332 -0.1998 -0.858402 0 0.7 0 1 0 1 0
v -0.157928 -0.1998 -0.919437 0 0.7 0 1 0 1 0
v -0.156403 -0.1998 -0.895119 0 0.7 0 1 0 1 0
v -0.174332 -0.1998 -0.858402 0 0.7 0 1 0 1 0
v -0.156403 -0.1998 -0.895119 0 0.7 0 1 0 1 0
v -0.158691 -0.1998 -0.881767 0 0.7 0 1 0 1 0
v -0.159836 -0.1998 -0.810146 0 0.7 0 1 0 1 0
v -0.174332 -0.1998 -0.858402 0 0.7 0 1 0 1 0
v -0.158691 -0.1998 -0.881767 0 0.7 0 1 0 1 0
v -0.154877 -0.1998 -0.928402 0 0.7 0 1 0 1 0
v -0.159836 -0.1998 -0.980663 0 0.7 0 1 0 1 0
v -0.153732 -0.1998 -0.978327 0 0.7 0 1 0 1 0
v -0.154877 -0.1998 -0.928402 0 0.7 0 1 0 1 0
v -0.153732 -0.1998 -0.978327 0 0.7 0 1 0 1 0
v -0.124359 -0.1998 -0.951862 0 0.7 0 1 0 1 0
v -0.154877 -0.1998 -0.928402 0 0.7 0 1 0 1 0
v -0.124359 -0.1998 -0.951862 0 0.7 0 1 0 1 0
v -0.111008 -0.1998 -0.953627 0 0.7 0 1 0 1 0
v -0.10643 -0.1998 -0.797462 0 0.7 0 1 0 1 0
v -0.130463 -0.1998 -0.798702 0 0.7 0 1 0 1 0
v -0.122452 -0.1998 -0.820112 0 0.7 0 1 0 1 0
v -0.123596 -0.1998 -0.839472 0 0.7 0 1 0 1 0
v -0.128174 -0.1998 -0.851822 0 0.7 0 1 0 1 0
v -0.129318 -0.1998 -0.861502 0 0.7 0 1 0 1 0
v -0.129318 -0.1998 -0.861502 0 0.7 0 1 0 1 0
v -0.128174 -0.1998 -0.871181 0 0.7 0 1 0 1 0
v -0.123596 -0.1998 -0.87781 0 0.7 0 1 0 1 0
v -0.123596 -0.1998 -0.87781 0 0.7 0 1 0 1 0
v -0.115204 -0.1998 -0.883389 0 0.7 0 1 0 1 0
v -0.107574 -0.1998 -0.882673 0 0.7 0 1 0 1 0
v -0.0892639 -0.1998 -0.9305 0 0.7 0 1 0 1 0
v -0.146484 -0.1998 -0.917482 0 0.7 0 1 0 1 0
v -0.154877 -0.1998 -0.928402 0 0.7 0 1 0 1 0
v -0.109863 -0.1998 -0.938034 0 0.7 0 1 0 1 0
v -0.0858307 -0.1998 -0.943279 0 0.7 0 1 0 1 0
v -0.0839233 -0.1998 -0.931692 0 0.7 0 1 0 1 0
v -0.0839233 -0.1998 -0.931692 0 0.7 0 1 0 1 0
v -0.0797272 -0.1998 -0.890398 0 0.7 0 1 0 1 0
v -0.0797272 -0.1998 -0.879288 0 0.7 0 1 0 1 0
v -0.10643 -0.1998 -0.797462 0 0.7 0 1 0 1 0
v -0.122452 -0.1998 -0.820112 0 0.7 0 1 0 1 0
v -0.121689 -0.1998 -0.830173 0 0.7 0 1 0 1 0
v -0.123596 -0.1998 -0.839472 0 0.7 0 1 0 1 0
v -0.129318 -0.1998 -0.861502 0 0.7 0 1 0 1 0
v -0.123596 -0.1998 -0.87781 0 0.7 0 1 0 1 0
v -0.123596 -0.1998 -0.87781 0 0.7 0 1 0 1 0
v -0.107574 -0.1998 -0.882673 0 0.7 0 1 0 1 0
v -0.0999451 -0.1998 -0.879717 0 0.7 0 1 0 1 0
v -0.0892639 -0.1998 -0.9305 0 0.7 0 1 0 1 0
v -0.154877 -0.1998 -0.928402 0 0.7 0 1 0 1 0
v -0.109863 -0.1998 -0.938034 0 0.7 0 1 0 1 0
v -0.10643 -0.1998 -0.797462 0 0.7 0 1 0 1 0
v -0.121689 -0.1998 -0.830173 0 0.7 0 1 0 1 0
v -0.123596 -0.1998 -0.839472 0 0.7 0 1 0 1 0
v -0.0892639 -0.1998 -0.9305 0 0.7 0 1 0 1 0
v -0.109863 -0.1998 -0.938034 0 0.7 0 1 0 1 0
v -0.0839233 -0.1998 -0.931692 0 0.7 0 1 0 1 0
v -0.10643 -0.1998 -0.797462 0 0.7 0 1 0 1 0
v -0.123596 -0.1998 -0.839472 0 0.7 0 1 0 1 0
v -0.123596 -0.1998 -0.87781 0 0.7 0 1 0 1 0
v -0.0858307 -0.1998 -0.897694 0 0.7 0 1 0 1 0
v -0.0892639 -0.1998 -0.9305 0 0.7 0 1 0 1 0
v -0.0839233 -0.1998 -0.931692 0 0.7 0 1 0 1 0
v -0.0858307 -0.1998 -0.897694 0 0.7 0 1 0 1 0
v -0.0839233 -0.1998 -0.931692 0 0.7 0 1 0 1 0
v -0.0797272 -0.1998 -0.879288 0 0.7 0 1 0 1 0
v -0.087738 -0.1998 -0.889921 0 0.7 0 1 0 1 0
v -0.0858307 -0.1998 -0.897694 0 0.7 0 1 0 1 0
v -0.0797272 -0.1998 -0.879288 0 0.7 0 1 0 1 0
v -0.0930786 -0.1998 -0.88172 0 0.7 0 1 0 1 0
v -0.087738 -0.1998 -0.889921 0 0.7 0 1 0 1 0
v -0.0797272 -0.1998 -0.879288 0 0.7 0 1 0 1 0
v -0.0999451 -0.1998 -0.879717 0 0.7 0 1 0 1 0
v -0.0930786 -0.1998 -0.88172 0 0.7 0 1 0 1 0
v -0.0797272 -0.1998 -0.879288 0 0.7 0 1 0 1 0
v -0.123596 -0.1998 -0.87781 0 0.7 0 1 0 1 0
v -0.0999451 -0.1998 -0.879717 0 0.7 0 1 0 1 0
v -0.0797272 -0.1998 -0.879288 0 0.7 0 1 0 1 0
v -0.123596 -0.1998 -0.87781 0 0.7 0 1 0 1 0
v -0.0797272 -0.1998 -0.879288 0 0.7 0 1 0 1 0
v -0.108337 -0.1998 -0.87285 0 0.7 0 1 0 1 0
v -0.10643 -0.1998 -0.797462 0 0.7 0 1 0 1 0
v -0.123596 -0.1998 -0.87781 0 0.7 0 1 0 1 0
v -0.108337 -0.1998 -0.87285 0 0.7 0 1 0 1 0
v -0.193405 -0.1998 -0.98381 0 0.7 0 1 0 1 0
v -0.168228 -0.1998 -0.990295 0 0.7 0 1 0 1 0
v -0.167084 -0.1998 -0.978756 0 0.7 0 1 0 1 0
v -0.167084 -0.1998 -0.978756 0 0.7 0 1 0 1 0
v -0.159836 -0.1998 -0.980663 0 0.7 0 1 0 1 0
v -0.153732 -0.1998 -0.978327 0 0.7 0 1 0 1 0
v -0.167084 -0.1998 -0.978756 0 0.7 0 1 0 1 0
v -0.153732 -0.1998 -0.978327 0 0.7 0 1 0 1 0
v -0.124359 -0.1998 -0.951862 0 0.7 0 1 0 1 0
v -0.193405 -0.1998 -0.98381 0 0.7 0 1 0 1 0
v -0.167084 -0.1998 -0.978756 0 0.7 0 1 0 1 0
v -0.124359 -0.1998 -0.951862 0 0.7 0 1 0 1 0
v -0.44899 -0.1998 -0.784302 0 0.7 0 1 0 1 0
v -0.4673 -0.1998 -0.798082 0 0.7 0 1 0 1 0
v -0.462341 -0.1998 -0.812435 0 0.7 0 1 0 1 0
v -0.442123 -0.1998 -0.795126 0 0.7 0 1 0 1 0
v -0.426102 -0.1998 -0.843525 0 0.7 0 1 0 1 0
v -0.41008 -0.1998 -0.833893 0 0.7 0 1 0 1 0
v -0.404358 -0.1998 -0.857401 0 0.7 0 1 0 1 0
v -0.509644 -0.1998 -0.9408 0 0.7 0 1 0 1 0
v -0.444794 -0.1998 -0.975466 0 0.7 0 1 0 1 0
v -0.44899 -0.1998 -0.784302 0 0.7 0 1 0 1 0
v -0.462341 -0.1998 -0.812435 0 0.7 0 1 0 1 0
v -0.442123 -0.1998 -0.795126 0 0.7 0 1 0 1 0
v -0.404358 -0.1998 -0.857401 0 0.7 0 1 0 1 0
v -0.444794 -0.1998 -0.975466 0 0.7 0 1 0 1 0
v -0.366592 -0.1998 -0.926971 0 0.7 0 1 0 1 0
v -0.44899 -0.1998 -0.784302 0 0.7 0 1 0 1 0
v -0.442123 -0.1998 -0.795126 0 0.7 0 1 0 1 0
v -0.41008 -0.1998 -0.833893 0 0.7 0 1 0 1 0
v -0.41008 -0.1998 -0.833893 0 0.7 0 1 0 1 0
v -0.404358 -0.1998 -0.857401 0 0.7 0 1 0 1 0
v -0.366592 -0.1998 -0.926971 0 0.7 0 1 0 1 0
v -0.0370026 -0.1998 -0.977468 0 0.7 0 1 0 1 0
v -0.0312805 -0.1998 -0.905895 0 0.7 0 1 0 1 0
v -0.0423431 -0.1998 -0.90332 0 0.7 0 1 0 1 0
v -0.0423431 -0.1998 -0.90332 0 0.7 0 1 0 1 0
v -0.0476837 -0.1998 -0.975037 0 0.7 0 1 0 1 0
v -0.0370026 -0.1998 -0.977468 0 0.7 0 1 0 1 0
v -0.130081 -0.1998 -0.0227928 0 0.7 0 1 0 1 0
v -0.0102997 -0.1998 -0.248528 0 0.7 0 1 0 1 0
v -0.0133514 -0.1998 -0.232792 0 0.7 0 1 0 1 0
v -0.0133514 -0.1998 -0.232792 0 0.7 0 1 0 1 0
v -0.119019 -0.1998 -0.0227928 0 0.7 0 1 0 1 0
v -0.130081 -0.1998 -0.0227928 0 0.7 0 1 0 1 0
floor
v -0.918961 -0.1997 -0.327635 0.3 0.5 0.3 1 0 1 0
v -0.919724 -0.1997 -0.341368 0.3 0.5 0.3 1 0 1 0
v -0.917053 -0.1997 -0.34256 0.3 0.5 0.3 1 0 1 0
v -0.917053 -0.1997 -0.34256 0.3 0.5 0.3 1 0 1 0
v -0.820923 -0.1997 -0.373363 0.3 0.5 0.3 1 0 1 0
v -0.819778 -0.1997 -0.364017 0.3 0.5 0.3 1 0 1 0
v -0.918961 -0.1997 -0.327635 0.3 0.5 0.3 1 0 1 0
v -0.917053 -0.1997 -0.34256 0.3 0.5 0.3 1 0 1 0
v -0.819778 -0.1997 -0.364017 0.3 0.5 0.3 1 0 1 0
v -0.787735 -0.1997 -0.166512 0.3 0.5 0.3 1 0 1 0
v -0.799179 -0.1997 -0.204754 0.3 0.5 0.3 1 0 1 0
v -0.805283 -0.1997 -0.250196 0.3 0.5 0.3 1 0 1 0
v -0.805283 -0.1997 -0.250196 0.3 0.5 0.3 1 0 1 0
v -0.812149 -0.1997 -0.302935 0.3 0.5 0.3 1 0 1 0
v -0.814056 -0.1997 -0.348759 0.3 0.5 0.3 1 0 1 0
v -0.814056 -0.1997 -0.348711 0.3 0.5 0.3 1 0 1 0
v -0.74501 -0.1997 -0.370121 0.3 0.5 0.3 1 0 1 0
v -0.735855 -0.1997 -0.319767 0.3 0.5 0.3 1 0 1 0
v -0.787735 -0.1997 -0.166512 0.3 0.5 0.3 1 0 1 0
v -0.805283 -0.1997 -0.250196 0.3 0.5 0.3 1 0 1 0
v -0.814056 -0.1997 -0.348759 0.3 0.5 0.3 1 0 1 0
v -0.208282 -0.1997 -0.551987 0.3 0.5 0.3 1 0 1 0
v -0.299072 -0.1997 -0.580502 0.3 0.5 0.3 1 0 1 0
v -0.294113 -0.1997 -0.633192 0.3 0.5 0.3 1 0 1 0
v -0.294113 -0.1997 -0.633192 0.3 0.5 0.3 1 0 1 0
v -0.300217 -0.1997 -0.643444 0.3 0.5 0.3 1 0 1 0
v -0.209808 -0.1997 -0.609732 0.3 0.5 0.3 1 0 1 0
v -0.208282 -0.1997 -0.551987 0.3 0.5 0.3 1 0 1 0
v -0.294113 -0.1997 -0.633192 0.3 0.5 0.3 1 0 1 0
v -0.209808 -0.1997 -0.609732 0.3 0.5 0.3 1 0 1 0
v -0.208282 -0.1997 -0.551987 0.3 0.5 0.3 1 0 1 0
v -0.214386 -0.1997 -0.494242 0.3 0.5 0.3 1 0 1 0
v -0.278091 -0.1997 -0.528002 0.3 0.5 0.3 1 0 1 0
v -0.286865 -0.1997 -0.535679 0.3 0.5 0.3 1 0 1 0
v -0.304413 -0.1997 -0.547647 0.3 0.5 0.3 1 0 1 0
v -0.309753 -0.1997 -0.558043 0.3 0.5 0.3 1 0 1 0
v -0.208282 -0.1997 -0.551987 0.3 0.5 0.3 1 0 1 0
v -0.278091 -0.1997 -0.528002 0.3 0.5 0.3 1 0 1 0
v -0.286865 -0.1997 -0.535679 0.3 0.5 0.3 1 0 1 0
v -0.286865 -0.1997 -0.535679 0.3 0.5 0.3 1 0 1 0
v -0.309753 -0.1997 -0.558043 0.3 0.5 0.3 1 0 1 0
v -0.307083 -0.1997 -0.583029 0.3 0.5 0.3 1 0 1 0
v -0.401306 -0.1997 -0.709105 0.3 0.5 0.3 1 0 1 0
v -0.449371 -0.1997 -0.727606 0.3 0.5 0.3 1 0 1 0
v -0.447083 -0.1997 -0.743818 0.3 0.5 0.3 1 0 1 0
v -0.401306 -0.1997 -0.709105 0.3 0.5 0.3 1 0 1 0
v -0.447083 -0.1997 -0.743818 0.3 0.5 0.3 1 0 1 0
v -0.405121 -0.1997 -0.728321 0.3 0.5 0.3 1 0 1 0
v -0.621414 -0.1997 -0.888538 0.3 0.5 0.3 1 0 1 0
v -0.617218 -0.1997 -0.882769 0.3 0.5 0.3 1 0 1 0
v -0.613403 -0.1997 -0.876236 0.3 0.5 0.3 1 0 1 0
v -0.613403 -0.1997 -0.876236 0.3 0.5 0.3 1 0 1 0
v -0.613403 -0.1997 -0.871181 0.3 0.5 0.3 1 0 1 0
v -0.615311 -0.1997 -0.865459 0.3 0.5 0.3 1 0 1 0
v -0.621414 -0.1997 -0.888538 0.3 0.5 0.3 1 0 1 0
v -0.613403 -0.1997 -0.876236 0.3 0.5 0.3 1 0 1 0
v -0.615311 -0.1997 -0.865459 0.3 0.5 0.3 1 0 1 0
v -0.69809 -0.1997 -0.938988 0.3 0.5 0.3 1 0 1 0
v -0.615311 -0.1997 -0.865459 0.3 0.5 0.3 1 0 1 0
v -0.617599 -0.1997 -0.859165 0.3 0.5 0.3 1 0 1 0
v -0.617599 -0.1997 -0.859165 0.3 0.5 0.3 1 0 1 0
v -0.710678 -0.1997 -0.938988 0.3 0.5 0.3 1 0 1 0
v -0.774384 -0.1997 -0.997066 0.3 0.5 0.3 1 0 1 0
v -0.69809 -0.1997 -0.938988 0.3 0.5 0.3 1 0 1 0
v -0.617599 -0.1997 -0.859165 0.3 0.5 0.3 1 0 1 0
v -0.774384 -0.1997 -0.997066 0.3 0.5 0.3 1 0 1 0
v -0.859451 -0.1997 -0.745773 0.3 0.5 0.3 1 0 1 0
v -0.871658 -0.1997 -0.745296 0.3 0.5 0.3 1 0 1 0
v -0.873566 -0.1997 -0.761366 0.3 0.5 0.3 1 0 1 0
v -0.859451 -0.1997 -0.745773 0.3 0.5 0.3 1 0 1 0
v -0.873566 -0.1997 -0.761366 0.3 0.5 0.3 1 0 1 0
v -0.868607 -0.1997 -0.761604 0.3 0.5 0.3 1 0 1 0
v -0.867081 -0.1997 -0.807238 0.3 0.5 0.3 1 0 1 0
v -0.859451 -0.1997 -0.745773 0.3 0.5 0.3 1 0 1 0
v -0.868607 -0.1997 -0.761604 0.3 0.5 0.3 1 0 1 0
v -0.867081 -0.1997 -0.807238 0.3 0.5 0.3 1 0 1 0
v -0.868607 -0.1997 -0.761604 0.3 0.5 0.3 1 0 1 0
v -0.869751 -0.1997 -0.768805 0.3 0.5 0.3 1 0 1 0
v -0.867081 -0.1997 -0.807238 0.3 0.5 0.3 1 0 1 0
v -0.869751 -0.1997 -0.768805 0.3 0.5 0.3 1 0 1 0
v -0.871277 -0.1997 -0.778008 0.3 0.5 0.3 1 0 1 0
v -0.867081 -0.1997 -0.807238 0.3 0.5 0.3 1 0 1 0
v -0.871277 -0.1997 -0.778008 0.3 0.5 0.3 1 0 1 0
v -0.907898 -0.1997 -0.988102 0.3 0.5 0.3 1 0 1 0
v -0.871658 -0.1997 -0.745296 0.3 0.5 0.3 1 0 1 0
v -0.947189 -0.1997 -0.742292 0.3 0.5 0.3 1 0 1 0
v -0.948334 -0.1997 -0.757551 0.3 0.5 0.3 1 0 1 0
v -0.954056 -0.1997 -0.757265 0.3 0.5 0.3 1 0 1 0
v -0.945663 -0.1997 -0.645351 0.3 0.5 0.3 1 0 1 0
v -0.967407 -0.1997 -0.686741 0.3 0.5 0.3 1 0 1 0
v -0.988007 -0.1997 -0.713539 0.3 0.5 0.3 1 0 1 0
v -0.998306 -0.1997 -0.718689 0.3 0.5 0.3 1 0 1 0
v -0.954056 -0.1997 -0.757265 0.3 0.5 0.3 1 0 1 0
v -0.954056 -0.1997 -0.757265 0.3 0.5 0.3 1 0 1 0
v -0.967407 -0.1997 -0.686741 0.3 0.5 0.3 1 0 1 0
v -0.988007 -0.1997 -0.713539 0.3 0.5 0.3 1 0 1 0
v -0.0637054 -0.1997 -0.2913 0.3 0.5 0.3 1 0 1 0
v -0.0675201 -0.1997 -0.27504 0.3 0.5 0.3 1 0 1 0
v -0.0732422 -0.1997 -0.277758 0.3 0.5 0.3 1 0 1 0
v -0.0640869 -0.1997 -0.333452 0.3 0.5 0.3 1 0 1 0
v -0.00724792 -0.1997 -0.247097 0.3 0.5 0.3 1 0 1 0
v -0.0102997 -0.1997 -0.248528 0.3 0.5 0.3 1 0 1 0
v -0.0591278 -0.1997 -0.29974 0.3 0.5 0.3 1 0 1 0
v -0.0637054 -0.1997 -0.2913 0.3 0.5 0.3 1 0 1 0
v -0.0732422 -0.1997 -0.277758 0.3 0.5 0.3 1 0 1 0
v -0.0591278 -0.1997 -0.29974 0.3 0.5 0.3 1 0 1 0
v -0.0732422 -0.1997 -0.277758 0.3 0.5 0.3 1 0 1 0
v -0.0640869 -0.1997 -0.333452 0.3 0.5 0.3 1 0 1 0
v -0.056076 -0.1997 -0.30303 0.3 0.5 0.3 1 0 1 0
v -0.0591278 -0.1997 -0.29974 0.3 0.5 0.3 1 0 1 0
v -0.0640869 -0.1997 -0.333452 0.3 0.5 0.3 1 0 1 0
v -0.0526428 -0.1997 -0.303316 0.3 0.5 0.3 1 0 1 0
v -0.056076 -0.1997 -0.30303 0.3 0.5 0.3 1 0 1 0
v -0.0640869 -0.1997 -0.333452 0.3 0.5 0.3 1 0 1 0
v -0.0507355 -0.1997 -0.302029 0.3 0.5 0.3 1 0 1 0
v -0.0526428 -0.1997 -0.303316 0.3 0.5 0.3 1 0 1 0
v -0.0640869 -0.1997 -0.333452 0.3 0.5 0.3 1 0 1 0
v -0.0507355 -0.1997 -0.302029 0.3 0.5 0.3 1 0 1 0
v -0.0640869 -0.1997 -0.333452 0.3 0.5 0.3 1 0 1 0
v -0.0102997 -0.1997 -0.248528 0.3 0.5 0.3 1 0 1 0
v -0.0499725 -0.1997 -0.299311 0.3 0.5 0.3 1 0 1 0
v -0.0507355 -0.1997 -0.302029 0.3 0.5 0.3 1 0 1 0
v -0.0102997 -0.1997 -0.248528 0.3 0.5 0.3 1 0 1 0
v -0.050354 -0.1997 -0.295782 0.3 0.5 0.3 1 0 1 0
v -0.0499725 -0.1997 -0.299311 0.3 0.5 0.3 1 0 1 0
v -0.0102997 -0.1997 -0.248528 0.3 0.5 0.3 1 0 1 0
v -0.0518799 -0.1997 -0.291443 0.3 0.5 0.3 1 0 1 0
v -0.050354 -0.1997 -0.295782 0.3 0.5 0.3 1 0 1 0
v -0.0102997 -0.1997 -0.248528 0.3 0.5 0.3 1 0 1 0
v -0.0808716 -0.1997 -0.281239 0.3 0.5 0.3 1 0 1 0
v -0.159836 -0.1997 -0.318432 0.3 0.5 0.3 1 0 1 0
v -0.149918 -0.1997 -0.377464 0.3 0.5 0.3 1 0 1 0
v -0.0595093 -0.1997 -0.402164 0.3 0.5 0.3 1 0 1 0
v -0.069809 -0.1997 -0.345373 0.3 0.5 0.3 1 0 1 0
v -0.148392 -0.1997 -0.385857 0.3 0.5 0.3 1 0 1 0
v -0.164795 -0.1997 -0.320911 0.3 0.5 0.3 1 0 1 0
v -0.227356 -0.1997 -0.350857 0.3 0.5 0.3 1 0 1 0
v -0.222015 -0.1997 -0.414371 0.3 0.5 0.3 1 0 1 0
v -0.143433 -0.1997 -0.446939 0.3 0.5 0.3 1 0 1 0
v -0.153351 -0.1997 -0.388479 0.3 0.5 0.3 1 0 1 0
v -0.221252 -0.1997 -0.423908 0.3 0.5 0.3 1 0 1 0
v -0.221252 -0.1997 -0.423908 0.3 0.5 0.3 1 0 1 0
v -0.268555 -0.1997 -0.448561 0.3 0.5 0.3 1 0 1 0
v -0.277328 -0.1997 -0.51651 0.3 0.5 0.3 1 0 1 0
v -0.256348 -0.1997 -0.364828 0.3 0.5 0.3 1 0 1 0
v -0.257874 -0.1997 -0.365543 0.3 0.5 0.3 1 0 1 0
v -0.259781 -0.1997 -0.382137 0.3 0.5 0.3 1 0 1 0
v -0.227356 -0.1997 -0.350857 0.3 0.5 0.3 1 0 1 0
v -0.256348 -0.1997 -0.364828 0.3 0.5 0.3 1 0 1 0
v -0.259781 -0.1997 -0.382137 0.3 0.5 0.3 1 0 1 0
v -0.227356 -0.1997 -0.350857 0.3 0.5 0.3 1 0 1 0
v -0.259781 -0.1997 -0.382137 0.3 0.5 0.3 1 0 1 0
v -0.267029 -0.1997 -0.43726 0.3 0.5 0.3 1 0 1 0
v -0.173187 -0.1997 -0.239563 0.3 0.5 0.3 1 0 1 0
v -0.160599 -0.1997 -0.233936 0.3 0.5 0.3 1 0 1 0
v -0.159073 -0.1997 -0.233221 0.3 0.5 0.3 1 0 1 0
v -0.159073 -0.1997 -0.233221 0.3 0.5 0.3 1 0 1 0
v -0.162888 -0.1997 -0.224352 0.3 0.5 0.3 1 0 1 0
v -0.164413 -0.1997 -0.222492 0.3 0.5 0.3 1 0 1 0
v -0.173187 -0.1997 -0.239563 0.3 0.5 0.3 1 0 1 0
v -0.159073 -0.1997 -0.233221 0.3 0.5 0.3 1 0 1 0
v -0.164413 -0.1997 -0.222492 0.3 0.5 0.3 1 0 1 0
v -0.173187 -0.1997 -0.239563 0.3 0.5 0.3 1 0 1 0
v -0.164413 -0.1997 -0.222492 0.3 0.5 0.3 1 0 1 0
v -0.166321 -0.1997 -0.222158 0.3 0.5 0.3 1 0 1 0
v -0.0320435 -0.1997 -0.654411 0.3 0.5 0.3 1 0 1 0
v -0.0492096 -0.1997 -0.653887 0.3 0.5 0.3 1 0 1 0
v -0.0484467 -0.1997 -0.667191 0.3 0.5 0.3 1 0 1 0
v -0.0480652 -0.1997 -0.670958 0.3 0.5 0.3 1 0 1 0
v -0.0732422 -0.1997 -0.680351 0.3 0.5 0.3 1 0 1 0
v -0.0789642 -0.1997 -0.711966 0.3 0.5 0.3 1 0 1 0
v -0.0789642 -0.1997 -0.711966 0.3 0.5 0.3 1 0 1 0
v -0.0637054 -0.1997 -0.716972 0.3 0.5 0.3 1 0 1 0
v -0.063324 -0.1997 -0.707293 0.3 0.5 0.3 1 0 1 0
v -0.0648499 -0.1997 -0.694752 0.3 0.5 0.3 1 0 1 0
v -0.0591278 -0.1997 -0.695753 0.3 0.5 0.3 1 0 1 0
v -0.0526428 -0.1997 -0.692511 0.3 0.5 0.3 1 0 1 0
v -0.0320435 -0.1997 -0.654411 0.3 0.5 0.3 1 0 1 0
v -0.0484467 -0.1997 -0.667191 0.3 0.5 0.3 1 0 1 0
v -0.0480652 -0.1997 -0.670958 0.3 0.5 0.3 1 0 1 0
v -0.0789642 -0.1997 -0.711966 0.3 0.5 0.3 1 0 1 0
v -0.063324 -0.1997 -0.707293 0.3 0.5 0.3 1 0 1 0
v -0.0656128 -0.1997 -0.706673 0.3 0.5 0.3 1 0 1 0
v -0.0320435 -0.1997 -0.654411 0.3 0.5 0.3 1 0 1 0
v -0.0480652 -0.1997 -0.670958 0.3 0.5 0.3 1 0 1 0
v -0.0789642 -0.1997 -0.711966 0.3 0.5 0.3 1 0 1 0
v -0.0789642 -0.1997 -0.711966 0.3 0.5 0.3 1 0 1 0
v -0.0656128 -0.1997 -0.706673 0.3 0.5 0.3 1 0 1 0
v -0.0648499 -0.1997 -0.694752 0.3 0.5 0.3 1 0 1 0
v -0.0320435 -0.1997 -0.654411 0.3 0.5 0.3 1 0 1 0
v -0.0789642 -0.1997 -0.711966 0.3 0.5 0.3 1 0 1 0
v -0.0648499 -0.1997 -0.694752 0.3 0.5 0.3 1 0 1 0
v -0.0320435 -0.1997 -0.654411 0.3 0.5 0.3 1 0 1 0
v -0.0648499 -0.1997 -0.694752 0.3 0.5 0.3 1 0 1 0
v -0.0526428 -0.1997 -0.692511 0.3 0.5 0.3 1 0 1 0
v -0.0770569 -0.1997 -0.771046 0.3 0.5 0.3 1 0 1 0
v -0.0770569 -0.1997 -0.764322 0.3 0.5 0.3 1 0 1 0
v -0.0778198 -0.1997 -0.758266 0.3 0.5 0.3 1 0 1 0
v -0.0778198 -0.1997 -0.758266 0.3 0.5 0.3 1 0 1 0
v -0.0793457 -0.1997 -0.754881 0.3 0.5 0.3 1 0 1 0
v -0.0812531 -0.1997 -0.751209 0.3 0.5 0.3 1 0 1 0
v -0.0812531 -0.1997 -0.751209 0.3 0.5 0.3 1 0 1 0
v -0.0839233 -0.1997 -0.74811 0.3 0.5 0.3 1 0 1 0
v -0.0873566 -0.1997 -0.74563 0.3 0.5 0.3 1 0 1 0
v -0.0873566 -0.1997 -0.74563 0.3 0.5 0.3 1 0 1 0
v -0.087738 -0.1997 -0.741673 0.3 0.5 0.3 1 0 1 0
v -0.0923157 -0.1997 -0.740099 0.3 0.5 0.3 1 0 1 0
v -0.0923157 -0.1997 -0.740099 0.3 0.5 0.3 1 0 1 0
v -0.0991821 -0.1997 -0.738764 0.3 0.5 0.3 1 0 1 0
v -0.104523 -0.1997 -0.739336 0.3 0.5 0.3 1 0 1 0
v -0.104523 -0.1997 -0.739336 0.3 0.5 0.3 1 0 1 0
v -0.107956 -0.1997 -0.74048 0.3 0.5 0.3 1 0 1 0
v -0.109863 -0.1997 -0.742292 0.3 0.5 0.3 1 0 1 0
v -0.109863 -0.1997 -0.742292 0.3 0.5 0.3 1 0 1 0
v -0.111008 -0.1997 -0.74501 0.3 0.5 0.3 1 0 1 0
v -0.111008 -0.1997 -0.747776 0.3 0.5 0.3 1 0 1 0
v -0.111008 -0.1997 -0.747776 0.3 0.5 0.3 1 0 1 0
v -0.110626 -0.1997 -0.754786 0.3 0.5 0.3 1 0 1 0
v -0.109482 -0.1997 -0.761557 0.3 0.5 0.3 1 0 1 0
v -0.0999451 -0.1997 -0.763416 0.3 0.5 0.3 1 0 1 0
v -0.0919342 -0.1997 -0.774813 0.3 0.5 0.3 1 0 1 0
v -0.0888824 -0.1997 -0.777292 0.3 0.5 0.3 1 0 1 0
v -0.0888824 -0.1997 -0.777292 0.3 0.5 0.3 1 0 1 0
v -0.0865936 -0.1997 -0.778532 0.3 0.5 0.3 1 0 1 0
v -0.0831604 -0.1997 -0.77858 0.3 0.5 0.3 1 0 1 0
v -0.0770569 -0.1997 -0.780201 0.3 0.5 0.3 1 0 1 0
v -0.0770569 -0.1997 -0.771046 0.3 0.5 0.3 1 0 1 0
v -0.0778198 -0.1997 -0.758266 0.3 0.5 0.3 1 0 1 0
v -0.0778198 -0.1997 -0.758266 0.3 0.5 0.3 1 0 1 0
v -0.0812531 -0.1997 -0.751209 0.3 0.5 0.3 1 0 1 0
v -0.0873566 -0.1997 -0.74563 0.3 0.5 0.3 1 0 1 0
v -0.0873566 -0.1997 -0.74563 0.3 0.5 0.3 1 0 1 0
v -0.0923157 -0.1997 -0.740099 0.3 0.5 0.3 1 0 1 0
v -0.104523 -0.1997 -0.739336 0.3 0.5 0.3 1 0 1 0
v -0.104523 -0.1997 -0.739336 0.3 0.5 0.3 1 0 1 0
v -0.109863 -0.1997 -0.742292 0.3 0.5 0.3 1 0 1 0
v -0.111008 -0.1997 -0.747776 0.3 0.5 0.3 1 0 1 0
v -0.111008 -0.1997 -0.747776 0.3 0.5 0.3 1 0 1 0
v -0.109482 -0.1997 -0.761557 0.3 0.5 0.3 1 0 1 0
v -0.10376 -0.1997 -0.760937 0.3 0.5 0.3 1 0 1 0
v -0.0999451 -0.1997 -0.763416 0.3 0.5 0.3 1 0 1 0
v -0.0888824 -0.1997 -0.777292 0.3 0.5 0.3 1 0 1 0
v -0.0831604 -0.1997 -0.77858 0.3 0.5 0.3 1 0 1 0
v -0.0770569 -0.1997 -0.780201 0.3 0.5 0.3 1 0 1 0
v -0.0778198 -0.1997 -0.758266 0.3 0.5 0.3 1 0 1 0
v -0.0873566 -0.1997 -0.74563 0.3 0.5 0.3 1 0 1 0
v -0.0873566 -0.1997 -0.74563 0.3 0.5 0.3 1 0 1 0
v -0.104523 -0.1997 -0.739336 0.3 0.5 0.3 1 0 1 0
v -0.111008 -0.1997 -0.747776 0.3 0.5 0.3 1 0 1 0
v -0.111008 -0.1997 -0.747776 0.3 0.5 0.3 1 0 1 0
v -0.10376 -0.1997 -0.760937 0.3 0.5 0.3 1 0 1 0
v -0.101471 -0.1997 -0.76189 0.3 0.5 0.3 1 0 1 0
v -0.101471 -0.1997 -0.76189 0.3 0.5 0.3 1 0 1 0
v -0.0999451 -0.1997 -0.763416 0.3 0.5 0.3 1 0 1 0
v -0.0831604 -0.1997 -0.77858 0.3 0.5 0.3 1 0 1 0
v -0.0770569 -0.1997 -0.780201 0.3 0.5 0.3 1 0 1 0
v -0.0873566 -0.1997 -0.74563 0.3 0.5 0.3 1 0 1 0
v -0.111008 -0.1997 -0.747776 0.3 0.5 0.3 1 0 1 0
v -0.111008 -0.1997 -0.747776 0.3 0.5 0.3 1 0 1 0
v -0.101471 -0.1997 -0.76189 0.3 0.5 0.3 1 0 1 0
v -0.0831604 -0.1997 -0.77858 0.3 0.5 0.3 1 0 1 0
v -0.111008 -0.1997 -0.747776 0.3 0.5 0.3 1 0 1 0
v -0.0831604 -0.1997 -0.77858 0.3 0.5 0.3 1 0 1 0
v -0.0804901 -0.1997 -0.778008 0.3 0.5 0.3 1 0 1 0
v -0.0770569 -0.1997 -0.780201 0.3 0.5 0.3 1 0 1 0
v -0.111008 -0.1997 -0.747776 0.3 0.5 0.3 1 0 1 0
v -0.0804901 -0.1997 -0.778008 0.3 0.5 0.3 1 0 1 0
v -0.0770569 -0.1997 -0.780201 0.3 0.5 0.3 1 0 1 0
v -0.0804901 -0.1997 -0.778008 0.3 0.5 0.3 1 0 1 0
v -0.0823975 -0.1997 -0.790787 0.3 0.5 0.3 1 0 1 0
v -0.120163 -0.1997 -0.768661 0.3 0.5 0.3 1 0 1 0
v -0.117493 -0.1997 -0.744915 0.3 0.5 0.3 1 0 1 0
v -0.120926 -0.1997 -0.740004 0.3 0.5 0.3 1 0 1 0
v -0.120926 -0.1997 -0.740004 0.3 0.5 0.3 1 0 1 0
v -0.123596 -0.1997 -0.738764 0.3 0.5 0.3 1 0 1 0
v -0.1297 -0.1997 -0.74172 0.3 0.5 0.3 1 0 1 0
v -0.1297 -0.1997 -0.74172 0.3 0.5 0.3 1 0 1 0
v -0.131989 -0.1997 -0.744724 0.3 0.5 0.3 1 0 1 0
v -0.138855 -0.1997 -0.760508 0.3 0.5 0.3 1 0 1 0
v -0.138855 -0.1997 -0.760508 0.3 0.5 0.3 1 0 1 0
v -0.139236 -0.1997 -0.771427 0.3 0.5 0.3 1 0 1 0
v -0.137711 -0.1997 -0.779963 0.3 0.5 0.3 1 0 1 0
v -0.137711 -0.1997 -0.779963 0.3 0.5 0.3 1 0 1 0
v -0.136185 -0.1997 -0.790548 0.3 0.5 0.3 1 0 1 0
v -0.130081 -0.1997 -0.789547 0.3 0.5 0.3 1 0 1 0
v -0.120163 -0.1997 -0.768661 0.3 0.5 0.3 1 0 1 0
v -0.120926 -0.1997 -0.740004 0.3 0.5 0.3 1 0 1 0
v -0.1297 -0.1997 -0.74172 0.3 0.5 0.3 1 0 1 0
v -0.1297 -0.1997 -0.74172 0.3 0.5 0.3 1 0 1 0
v -0.138855 -0.1997 -0.760508 0.3 0.5 0.3 1 0 1 0
v -0.137711 -0.1997 -0.779963 0.3 0.5 0.3 1 0 1 0
v -0.120163 -0.1997 -0.768661 0.3 0.5 0.3 1 0 1 0
v -0.1297 -0.1997 -0.74172 0.3 0.5 0.3 1 0 1 0
v -0.137711 -0.1997 -0.779963 0.3 0.5 0.3 1 0 1 0
v -0.120163 -0.1997 -0.768661 0.3 0.5 0.3 1 0 1 0
v -0.137711 -0.1997 -0.779963 0.3 0.5 0.3 1 0 1 0
v -0.130081 -0.1997 -0.789547 0.3 0.5 0.3 1 0 1 0
v -0.208664 -0.1997 -0.790882 0.3 0.5 0.3 1 0 1 0
v -0.219345 -0.1997 -0.724363 0.3 0.5 0.3 1 0 1 0
v -0.268936 -0.1997 -0.743198 0.3 0.5 0.3 1 0 1 0
v -0.30632 -0.1997 -0.79093 0.3 0.5 0.3 1 0 1 0
v -0.299454 -0.1997 -0.953245 0.3 0.5 0.3 1 0 1 0
v -0.298309 -0.1997 -0.888634 0.3 0.5 0.3 1 0 1 0
v -0.298309 -0.1997 -0.888634 0.3 0.5 0.3 1 0 1 0
v -0.297928 -0.1997 -0.885439 0.3 0.5 0.3 1 0 1 0
v -0.296783 -0.1997 -0.862408 0.3 0.5 0.3 1 0 1 0
v -0.291824 -0.1997 -0.795126 0.3 0.5 0.3 1 0 1 0
v -0.291443 -0.1997 -0.792885 0.3 0.5 0.3 1 0 1 0
v -0.296021 -0.1997 -0.789738 0.3 0.5 0.3 1 0 1 0
v -0.296021 -0.1997 -0.789738 0.3 0.5 0.3 1 0 1 0
v -0.30632 -0.1997 -0.79093 0.3 0.5 0.3 1 0 1 0
v -0.298309 -0.1997 -0.888634 0.3 0.5 0.3 1 0 1 0
v -0.296783 -0.1997 -0.862408 0.3 0.5 0.3 1 0 1 0
v -0.291824 -0.1997 -0.795126 0.3 0.5 0.3 1 0 1 0
v -0.296021 -0.1997 -0.789738 0.3 0.5 0.3 1 0 1 0
v -0.296021 -0.1997 -0.789738 0.3 0.5 0.3 1 0 1 0
v -0.298309 -0.1997 -0.888634 0.3 0.5 0.3 1 0 1 0
v -0.296783 -0.1997 -0.862408 0.3 0.5 0.3 1 0 1 0
v -0.314713 -0.1997 -0.694752 0.3 0.5 0.3 1 0 1 0
v -0.314713 -0.1997 -0.693226 0.3 0.5 0.3 1 0 1 0
v -0.361252 -0.1997 -0.710678 0.3 0.5 0.3 1 0 1 0
v -0.663376 -0.1997 -0.998068 0.3 0.5 0.3 1 0 1 0
v -0.675964 -0.1997 -0.979662 0.3 0.5 0.3 1 0 1 0
v -0.693512 -0.1997 -0.957584 0.3 0.5 0.3 1 0 1 0
v -0.69809 -0.1997 -0.938988 0.3 0.5 0.3 1 0 1 0
v -0.444794 -0.1997 -0.975466 0.3 0.5 0.3 1 0 1 0
v -0.366592 -0.1997 -0.926971 0.3 0.5 0.3 1 0 1 0
v -0.366592 -0.1997 -0.926971 0.3 0.5 0.3 1 0 1 0
v -0.349808 -0.1997 -0.91567 0.3 0.5 0.3 1 0 1 0
v -0.352478 -0.1997 -0.907135 0.3 0.5 0.3 1 0 1 0
v -0.352478 -0.1997 -0.907135 0.3 0.5 0.3 1 0 1 0
v -0.337219 -0.1997 -0.895214 0.3 0.5 0.3 1 0 1 0
v -0.331116 -0.1997 -0.888109 0.3 0.5 0.3 1 0 1 0
v -0.331116 -0.1997 -0.888109 0.3 0.5 0.3 1 0 1 0
v -0.328064 -0.1997 -0.882912 0.3 0.5 0.3 1 0 1 0
v -0.325394 -0.1997 -0.875759 0.3 0.5 0.3 1 0 1 0
v -0.325394 -0.1997 -0.875759 0.3 0.5 0.3 1 0 1 0
v -0.323105 -0.1997 -0.867176 0.3 0.5 0.3 1 0 1 0
v -0.322342 -0.1997 -0.84672 0.3 0.5 0.3 1 0 1 0
v -0.314713 -0.1997 -0.694752 0.3 0.5 0.3 1 0 1 0
v -0.361252 -0.1997 -0.710678 0.3 0.5 0.3 1 0 1 0
v -0.391006 -0.1997 -0.723028 0.3 0.5 0.3 1 0 1 0
v -0.663376 -0.1997 -0.998068 0.3 0.5 0.3 1 0 1 0
v -0.693512 -0.1997 -0.957584 0.3 0.5 0.3 1 0 1 0
v -0.704956 -0.1997 -0.94533 0.3 0.5 0.3 1 0 1 0
v -0.69809 -0.1997 -0.938988 0.3 0.5 0.3 1 0 1 0
v -0.366592 -0.1997 -0.926971 0.3 0.5 0.3 1 0 1 0
v -0.352478 -0.1997 -0.907135 0.3 0.5 0.3 1 0 1 0
v -0.352478 -0.1997 -0.907135 0.3 0.5 0.3 1 0 1 0
v -0.331116 -0.1997 -0.888109 0.3 0.5 0.3 1 0 1 0
v -0.325394 -0.1997 -0.875759 0.3 0.5 0.3 1 0 1 0
v -0.69809 -0.1997 -0.938988 0.3 0.5 0.3 1 0 1 0
v -0.352478 -0.1997 -0.907135 0.3 0.5 0.3 1 0 1 0
v -0.325394 -0.1997 -0.875759 0.3 0.5 0.3 1 0 1 0
v -0.69809 -0.1997 -0.938988 0.3 0.5 0.3 1 0 1 0
v -0.325394 -0.1997 -0.875759 0.3 0.5 0.3 1 0 1 0
v -0.322342 -0.1997 -0.84672 0.3 0.5 0.3 1 0 1 0
v -0.917816 -0.1997 -0.352383 0.3 0.5 0.3 1 0 1 0
v -0.947189 -0.1997 -0.742292 0.3 0.5 0.3 1 0 1 0
v -0.871658 -0.1997 -0.745296 0.3 0.5 0.3 1 0 1 0
v -0.871658 -0.1997 -0.745296 0.3 0.5 0.3 1 0 1 0
v -0.859451 -0.1997 -0.745773 0.3 0.5 0.3 1 0 1 0
v -0.854874 -0.1997 -0.707293 0.3 0.5 0.3 1 0 1 0
v -0.917816 -0.1997 -0.352383 0.3 0.5 0.3 1 0 1 0
v -0.871658 -0.1997 -0.745296 0.3 0.5 0.3 1 0 1 0
v -0.854874 -0.1997 -0.707293 0.3 0.5 0.3 1 0 1 0
v -0.917816 -0.1997 -0.352383 0.3 0.5 0.3 1 0 1 0
v -0.854874 -0.1997 -0.707293 0.3 0.5 0.3 1 0 1 0
v -0.827408 -0.1997 -0.489998 0.3 0.5 0.3 1 0 1 0
v -0.7267 -0.1997 -0.4179 0.3 0.5 0.3 1 0 1 0
v -0.749207 -0.1997 -0.393486 0.3 0.5 0.3 1 0 1 0
v -0.756836 -0.1997 -0.389147 0.3 0.5 0.3 1 0 1 0
v -0.756836 -0.1997 -0.389147 0.3 0.5 0.3 1 0 1 0
v -0.769424 -0.1997 -0.385284 0.3 0.5 0.3 1 0 1 0
v -0.790787 -0.1997 -0.379181 0.3 0.5 0.3 1 0 1 0
v -0.790787 -0.1997 -0.379181 0.3 0.5 0.3 1 0 1 0
v -0.803757 -0.1997 -0.376463 0.3 0.5 0.3 1 0 1 0
v -0.809479 -0.1997 -0.386047 0.3 0.5 0.3 1 0 1 0
v -0.822067 -0.1997 -0.491667 0.3 0.5 0.3 1 0 1 0
v -0.849533 -0.1997 -0.708961 0.3 0.5 0.3 1 0 1 0
v -0.86174 -0.1997 -0.808811 0.3 0.5 0.3 1 0 1 0
v -0.86174 -0.1997 -0.808811 0.3 0.5 0.3 1 0 1 0
v -0.891495 -0.1997 -0.993967 0.3 0.5 0.3 1 0 1 0
v -0.780869 -0.1997 -0.978136 0.3 0.5 0.3 1 0 1 0
v -0.780869 -0.1997 -0.978136 0.3 0.5 0.3 1 0 1 0
v -0.770187 -0.1997 -0.973368 0.3 0.5 0.3 1 0 1 0
v -0.587463 -0.1997 -0.804472 0.3 0.5 0.3 1 0 1 0
v -0.481415 -0.1997 -0.718832 0.3 0.5 0.3 1 0 1 0
v -0.404358 -0.1997 -0.68717 0.3 0.5 0.3 1 0 1 0
v -0.315475 -0.1997 -0.649834 0.3 0.5 0.3 1 0 1 0
v -0.305176 -0.1997 -0.645399 0.3 0.5 0.3 1 0 1 0
v -0.300217 -0.1997 -0.643444 0.3 0.5 0.3 1 0 1 0
v -0.294113 -0.1997 -0.633192 0.3 0.5 0.3 1 0 1 0
v -0.294113 -0.1997 -0.633192 0.3 0.5 0.3 1 0 1 0
v -0.299072 -0.1997 -0.580502 0.3 0.5 0.3 1 0 1 0
v -0.307083 -0.1997 -0.583029 0.3 0.5 0.3 1 0 1 0
v -0.304413 -0.1997 -0.547647 0.3 0.5 0.3 1 0 1 0
v -0.286865 -0.1997 -0.535679 0.3 0.5 0.3 1 0 1 0
v -0.278091 -0.1997 -0.528002 0.3 0.5 0.3 1 0 1 0
v -0.268555 -0.1997 -0.448561 0.3 0.5 0.3 1 0 1 0
v -0.267029 -0.1997 -0.43726 0.3 0.5 0.3 1 0 1 0
v -0.259781 -0.1997 -0.382137 0.3 0.5 0.3 1 0 1 0
v -0.257874 -0.1997 -0.365543 0.3 0.5 0.3 1 0 1 0
v -0.256729 -0.1997 -0.355959 0.3 0.5 0.3 1 0 1 0
v -0.256348 -0.1997 -0.351048 0.3 0.5 0.3 1 0 1 0
v -0.256348 -0.1997 -0.351048 0.3 0.5 0.3 1 0 1 0
v -0.255203 -0.1997 -0.334311 0.3 0.5 0.3 1 0 1 0
v -0.258636 -0.1997 -0.320768 0.3 0.5 0.3 1 0 1 0
v -0.258636 -0.1997 -0.320768 0.3 0.5 0.3 1 0 1 0
v -0.259781 -0.1997 -0.31004 0.3 0.5 0.3 1 0 1 0
v -0.262451 -0.1997 -0.290346 0.3 0.5 0.3 1 0 1 0
v -0.262451 -0.1997 -0.290346 0.3 0.5 0.3 1 0 1 0
v -0.274658 -0.1997 -0.216722 0.3 0.5 0.3 1 0 1 0
v -0.284958 -0.1997 -0.158691 0.3 0.5 0.3 1 0 1 0
v -0.284958 -0.1997 -0.158691 0.3 0.5 0.3 1 0 1 0
v -0.302124 -0.1997 -0.168896 0.3 0.5 0.3 1 0 1 0
v -0.305939 -0.1997 -0.171423 0.3 0.5 0.3 1 0 1 0
v -0.322342 -0.1997 -0.148726 0.3 0.5 0.3 1 0 1 0
v -0.322342 -0.1997 -0.146675 0.3 0.5 0.3 1 0 1 0
v -0.325775 -0.1997 -0.117254 0.3 0.5 0.3 1 0 1 0
v -0.325775 -0.1997 -0.117254 0.3 0.5 0.3 1 0 1 0
v -0.33226 -0.1997 -0.109434 0.3 0.5 0.3 1 0 1 0
v -0.341797 -0.1997 -0.109959 0.3 0.5 0.3 1 0 1 0
v -0.401306 -0.1997 -0.116873 0.3 0.5 0.3 1 0 1 0
v -0.404739 -0.1997 -0.10848 0.3 0.5 0.3 1 0 1 0
v -0.412369 -0.1997 -0.0948906 0.3 0.5 0.3 1 0 1 0
v -0.412369 -0.1997 -0.0948906 0.3 0.5 0.3 1 0 1 0
v -0.419998 -0.1997 -0.0922203 0.3 0.5 0.3 1 0 1 0
v -0.439453 -0.1997 -0.0919342 0.3 0.5 0.3 1 0 1 0
v -0.474548 -0.1997 -0.0985146 0.3 0.5 0.3 1 0 1 0
v -0.493622 -0.1997 -0.0860691 0.3 0.5 0.3 1 0 1 0
v -0.503159 -0.1997 -0.0801563 0.3 0.5 0.3 1 0 1 0
v -0.522232 -0.1997 -0.0587463 0.3 0.5 0.3 1 0 1 0
v -0.526428 -0.1997 -0.0452042 0.3 0.5 0.3 1 0 1 0
v -0.531387 -0.1997 -0.0425339 0.3 0.5 0.3 1 0 1 0
v -0.532913 -0.1997 -0.0341892 0.3 0.5 0.3 1 0 1 0
v -0.533676 -0.1997 -0.0174999 0.3 0.5 0.3 1 0 1 0
v -0.709152 -0.1997 -0.202656 0.3 0.5 0.3 1 0 1 0
v -0.709152 -0.1997 -0.202656 0.3 0.5 0.3 1 0 1 0
v -0.730515 -0.1997 -0.322199 0.3 0.5 0.3 1 0 1 0
v -0.730133 -0.1997 -0.330162 0.3 0.5 0.3 1 0 1 0
v -0.730133 -0.1997 -0.330162 0.3 0.5 0.3 1 0 1 0
v -0.728226 -0.1997 -0.337458 0.3 0.5 0.3 1 0 1 0
v -0.725937 -0.1997 -0.342417 0.3 0.5 0.3 1 0 1 0
v -0.725937 -0.1997 -0.342417 0.3 0.5 0.3 1 0 1 0
v -0.722122 -0.1997 -0.34771 0.3 0.5 0.3 1 0 1 0
v -0.714111 -0.1997 -0.356817 0.3 0.5 0.3 1 0 1 0
v -0.709534 -0.1997 -0.386763 0.3 0.5 0.3 1 0 1 0
v -0.713348 -0.1997 -0.409079 0.3 0.5 0.3 1 0 1 0
v -0.712585 -0.1997 -0.417185 0.3 0.5 0.3 1 0 1 0
v -0.7267 -0.1997 -0.4179 0.3 0.5 0.3 1 0 1 0
v -0.756836 -0.1997 -0.389147 0.3 0.5 0.3 1 0 1 0
v -0.790787 -0.1997 -0.379181 0.3 0.5 0.3 1 0 1 0
v -0.790787 -0.1997 -0.379181 0.3 0.5 0.3 1 0 1 0
v -0.809479 -0.1997 -0.386047 0.3 0.5 0.3 1 0 1 0
v -0.822067 -0.1997 -0.491667 0.3 0.5 0.3 1 0 1 0
v -0.822067 -0.1997 -0.491667 0.3 0.5 0.3 1 0 1 0
v -0.86174 -0.1997 -0.808811 0.3 0.5 0.3 1 0 1 0
v -0.780869 -0.1997 -0.978136 0.3 0.5 0.3 1 0 1 0
v -0.481415 -0.1997 -0.718832 0.3 0.5 0.3 1 0 1 0
v -0.315475 -0.1997 -0.649834 0.3 0.5 0.3 1 0 1 0
v -0.305176 -0.1997 -0.645399 0.3 0.5 0.3 1 0 1 0
v -0.305176 -0.1997 -0.645399 0.3 0.5 0.3 1 0 1 0
v -0.294113 -0.1997 -0.633192 0.3 0.5 0.3 1 0 1 0
v -0.307083 -0.1997 -0.583029 0.3 0.5 0.3 1 0 1 0
v -0.304413 -0.1997 -0.547647 0.3 0.5 0.3 1 0 1 0
v -0.278091 -0.1997 -0.528002 0.3 0.5 0.3 1 0 1 0
v -0.277328 -0.1997 -0.51651 0.3 0.5 0.3 1 0 1 0
v -0.268555 -0.1997 -0.448561 0.3 0.5 0.3 1 0 1 0
v -0.259781 -0.1997 -0.382137 0.3 0.5 0.3 1 0 1 0
v -0.257874 -0.1997 -0.365543 0.3 0.5 0.3 1 0 1 0
v -0.257874 -0.1997 -0.365543 0.3 0.5 0.3 1 0 1 0
v -0.256348 -0.1997 -0.351048 0.3 0.5 0.3 1 0 1 0
v -0.258636 -0.1997 -0.320768 0.3 0.5 0.3 1 0 1 0
v -0.258636 -0.1997 -0.320768 0.3 0.5 0.3 1 0 1 0
v -0.262451 -0.1997 -0.290346 0.3 0.5 0.3 1 0 1 0
v -0.284958 -0.1997 -0.158691 0.3 0.5 0.3 1 0 1 0
v -0.322342 -0.1997 -0.148726 0.3 0.5 0.3 1 0 1 0
v -0.325775 -0.1997 -0.117254 0.3 0.5 0.3 1 0 1 0
v -0.341797 -0.1997 -0.109959 0.3 0.5 0.3 1 0 1 0
v -0.401306 -0.1997 -0.116873 0.3 0.5 0.3 1 0 1 0
v -0.412369 -0.1997 -0.0948906 0.3 0.5 0.3 1 0 1 0
v -0.439453 -0.1997 -0.0919342 0.3 0.5 0.3 1 0 1 0
v -0.531387 -0.1997 -0.0425339 0.3 0.5 0.3 1 0 1 0
v -0.532913 -0.1997 -0.0341892 0.3 0.5 0.3 1 0 1 0
v -0.709152 -0.1997 -0.202656 0.3 0.5 0.3 1 0 1 0
v -0.709152 -0.1997 -0.202656 0.3 0.5 0.3 1 0 1 0
v -0.730133 -0.1997 -0.330162 0.3 0.5 0.3 1 0 1 0
v -0.725937 -0.1997 -0.342417 0.3 0.5 0.3 1 0 1 0
v -0.7267 -0.1997 -0.4179 0.3 0.5 0.3 1 0 1 0
v -0.790787 -0.1997 -0.379181 0.3 0.5 0.3 1 0 1 0
v -0.822067 -0.1997 -0.491667 0.3 0.5 0.3 1 0 1 0
v -0.822067 -0.1997 -0.491667 0.3 0.5 0.3 1 0 1 0
v -0.780869 -0.1997 -0.978136 0.3 0.5 0.3 1 0 1 0
v -0.587463 -0.1997 -0.804472 0.3 0.5 0.3 1 0 1 0
v -0.481415 -0.1997 -0.718832 0.3 0.5 0.3 1 0 1 0
v -0.305176 -0.1997 -0.645399 0.3 0.5 0.3 1 0 1 0
v -0.307083 -0.1997 -0.583029 0.3 0.5 0.3 1 0 1 0
v -0.304413 -0.1997 -0.547647 0.3 0.5 0.3 1 0 1 0
v -0.277328 -0.1997 -0.51651 0.3 0.5 0.3 1 0 1 0
v -0.268555 -0.1997 -0.448561 0.3 0.5 0.3 1 0 1 0
v -0.268555 -0.1997 -0.448561 0.3 0.5 0.3 1 0 1 0
v -0.257874 -0.1997 -0.365543 0.3 0.5 0.3 1 0 1 0
v -0.258636 -0.1997 -0.320768 0.3 0.5 0.3 1 0 1 0
v -0.258636 -0.1997 -0.320768 0.3 0.5 0.3 1 0 1 0
v -0.284958 -0.1997 -0.158691 0.3 0.5 0.3 1 0 1 0
v -0.305939 -0.1997 -0.171423 0.3 0.5 0.3 1 0 1 0
v -0.31929 -0.1997 -0.165462 0.3 0.5 0.3 1 0 1 0
v -0.322342 -0.1997 -0.148726 0.3 0.5 0.3 1 0 1 0
v -0.341797 -0.1997 -0.109959 0.3 0.5 0.3 1 0 1 0
v -0.389099 -0.1997 -0.128174 0.3 0.5 0.3 1 0 1 0
v -0.401306 -0.1997 -0.116873 0.3 0.5 0.3 1 0 1 0
v -0.439453 -0.1997 -0.0919342 0.3 0.5 0.3 1 0 1 0
v -0.522232 -0.1997 -0.0587463 0.3 0.5 0.3 1 0 1 0
v -0.531387 -0.1997 -0.0425339 0.3 0.5 0.3 1 0 1 0
v -0.709152 -0.1997 -0.202656 0.3 0.5 0.3 1 0 1 0
v -0.709152 -0.1997 -0.202656 0.3 0.5 0.3 1 0 1 0
v -0.725937 -0.1997 -0.342417 0.3 0.5 0.3 1 0 1 0
v -0.714111 -0.1997 -0.356817 0.3 0.5 0.3 1 0 1 0
v -0.7267 -0.1997 -0.4179 0.3 0.5 0.3 1 0 1 0
v -0.822067 -0.1997 -0.491667 0.3 0.5 0.3 1 0 1 0
v -0.587463 -0.1997 -0.804472 0.3 0.5 0.3 1 0 1 0
v -0.509262 -0.1997 -0.739527 0.3 0.5 0.3 1 0 1 0
v -0.481415 -0.1997 -0.718832 0.3 0.5 0.3 1 0 1 0
v -0.307083 -0.1997 -0.583029 0.3 0.5 0.3 1 0 1 0
v -0.309753 -0.1997 -0.558043 0.3 0.5 0.3 1 0 1 0
v -0.304413 -0.1997 -0.547647 0.3 0.5 0.3 1 0 1 0
v -0.268555 -0.1997 -0.448561 0.3 0.5 0.3 1 0 1 0
v -0.268555 -0.1997 -0.448561 0.3 0.5 0.3 1 0 1 0
v -0.258636 -0.1997 -0.320768 0.3 0.5 0.3 1 0 1 0
v -0.305939 -0.1997 -0.171423 0.3 0.5 0.3 1 0 1 0
v -0.31929 -0.1997 -0.165462 0.3 0.5 0.3 1 0 1 0
v -0.341797 -0.1997 -0.109959 0.3 0.5 0.3 1 0 1 0
v -0.346756 -0.1997 -0.113726 0.3 0.5 0.3 1 0 1 0
v -0.389099 -0.1997 -0.128174 0.3 0.5 0.3 1 0 1 0
v -0.439453 -0.1997 -0.0919342 0.3 0.5 0.3 1 0 1 0
v -0.465393 -0.1997 -0.0980377 0.3 0.5 0.3 1 0 1 0
v -0.513458 -0.1997 -0.0729561 0.3 0.5 0.3 1 0 1 0
v -0.522232 -0.1997 -0.0587463 0.3 0.5 0.3 1 0 1 0
v -0.709152 -0.1997 -0.202656 0.3 0.5 0.3 1 0 1 0
v -0.709152 -0.1997 -0.202656 0.3 0.5 0.3 1 0 1 0
v -0.714111 -0.1997 -0.356817 0.3 0.5 0.3 1 0 1 0
v -0.712204 -0.1997 -0.361156 0.3 0.5 0.3 1 0 1 0
v -0.7267 -0.1997 -0.4179 0.3 0.5 0.3 1 0 1 0
v -0.587463 -0.1997 -0.804472 0.3 0.5 0.3 1 0 1 0
v -0.509262 -0.1997 -0.739527 0.3 0.5 0.3 1 0 1 0
v -0.509262 -0.1997 -0.739527 0.3 0.5 0.3 1 0 1 0
v -0.307083 -0.1997 -0.583029 0.3 0.5 0.3 1 0 1 0
v -0.309753 -0.1997 -0.558043 0.3 0.5 0.3 1 0 1 0
v -0.309753 -0.1997 -0.558043 0.3 0.5 0.3 1 0 1 0
v -0.268555 -0.1997 -0.448561 0.3 0.5 0.3 1 0 1 0
v -0.305939 -0.1997 -0.171423 0.3 0.5 0.3 1 0 1 0
v -0.31929 -0.1997 -0.165462 0.3 0.5 0.3 1 0 1 0
v -0.346756 -0.1997 -0.113726 0.3 0.5 0.3 1 0 1 0
v -0.360107 -0.1997 -0.121927 0.3 0.5 0.3 1 0 1 0
v -0.389099 -0.1997 -0.128174 0.3 0.5 0.3 1 0 1 0
v -0.465393 -0.1997 -0.0980377 0.3 0.5 0.3 1 0 1 0
v -0.474548 -0.1997 -0.0985146 0.3 0.5 0.3 1 0 1 0
v -0.503159 -0.1997 -0.0801563 0.3 0.5 0.3 1 0 1 0
v -0.513458 -0.1997 -0.0729561 0.3 0.5 0.3 1 0 1 0
v -0.709152 -0.1997 -0.202656 0.3 0.5 0.3 1 0 1 0
v -0.709152 -0.1997 -0.202656 0.3 0.5 0.3 1 0 1 0
v -0.712204 -0.1997 -0.361156 0.3 0.5 0.3 1 0 1 0
v -0.709915 -0.1997 -0.366735 0.3 0.5 0.3 1 0 1 0
v -0.509262 -0.1997 -0.739527 0.3 0.5 0.3 1 0 1 0
v -0.309753 -0.1997 -0.558043 0.3 0.5 0.3 1 0 1 0
v -0.305939 -0.1997 -0.171423 0.3 0.5 0.3 1 0 1 0
v -0.31929 -0.1997 -0.165462 0.3 0.5 0.3 1 0 1 0
v -0.360107 -0.1997 -0.121927 0.3 0.5 0.3 1 0 1 0
v -0.369644 -0.1997 -0.127554 0.3 0.5 0.3 1 0 1 0
v -0.474548 -0.1997 -0.0985146 0.3 0.5 0.3 1 0 1 0
v -0.503159 -0.1997 -0.0801563 0.3 0.5 0.3 1 0 1 0
v -0.709152 -0.1997 -0.202656 0.3 0.5 0.3 1 0 1 0
v -0.709152 -0.1997 -0.202656 0.3 0.5 0.3 1 0 1 0
v -0.709915 -0.1997 -0.366735 0.3 0.5 0.3 1 0 1 0
v -0.709152 -0.1997 -0.370646 0.3 0.5 0.3 1 0 1 0
v -0.509262 -0.1997 -0.739527 0.3 0.5 0.3 1 0 1 0
v -0.305939 -0.1997 -0.171423 0.3 0.5 0.3 1 0 1 0
v -0.310898 -0.1997 -0.172615 0.3 0.5 0.3 1 0 1 0
v -0.310898 -0.1997 -0.172615 0.3 0.5 0.3 1 0 1 0
v -0.31929 -0.1997 -0.165462 0.3 0.5 0.3 1 0 1 0
v -0.369644 -0.1997 -0.127554 0.3 0.5 0.3 1 0 1 0
v -0.389099 -0.1997 -0.128174 0.3 0.5 0.3 1 0 1 0
v -0.474548 -0.1997 -0.0985146 0.3 0.5 0.3 1 0 1 0
v -0.709152 -0.1997 -0.202656 0.3 0.5 0.3 1 0 1 0
v -0.509262 -0.1997 -0.739527 0.3 0.5 0.3 1 0 1 0
v -0.310898 -0.1997 -0.172615 0.3 0.5 0.3 1 0 1 0
v -0.369644 -0.1997 -0.127554 0.3 0.5 0.3 1 0 1 0
v -0.369644 -0.1997 -0.127554 0.3 0.5 0.3 1 0 1 0
v -0.389099 -0.1997 -0.128174 0.3 0.5 0.3 1 0 1 0
v -0.709152 -0.1997 -0.202656 0.3 0.5 0.3 1 0 1 0
v -0.509262 -0.1997 -0.739527 0.3 0.5 0.3 1 0 1 0
v -0.369644 -0.1997 -0.127554 0.3 0.5 0.3 1 0 1 0
v -0.709152 -0.1997 -0.202656 0.3 0.5 0.3 1 0 1 0
v -0.509262 -0.1997 -0.739527 0.3 0.5 0.3 1 0 1 0
v -0.709152 -0.1997 -0.202656 0.3 0.5 0.3 1 0 1 0
v -0.709152 -0.1997 -0.370646 0.3 0.5 0.3 1 0 1 0
v -0.509262 -0.1997 -0.739527 0.3 0.5 0.3 1 0 1 0
v -0.709152 -0.1997 -0.370646 0.3 0.5 0.3 1 0 1 0
v -0.709152 -0.1997 -0.371933 0.3 0.5 0.3 1 0 1 0
v -0.509262 -0.1997 -0.739527 0.3 0.5 0.3 1 0 1 0
v -0.709152 -0.1997 -0.371933 0.3 0.5 0.3 1 0 1 0
v -0.709152 -0.1997 -0.379801 0.3 0.5 0.3 1 0 1 0
v -0.509262 -0.1997 -0.739527 0.3 0.5 0.3 1 0 1 0
v -0.709152 -0.1997 -0.379801 0.3 0.5 0.3 1 0 1 0
v -0.709534 -0.1997 -0.386763 0.3 0.5 0.3 1 0 1 0
v -0.509262 -0.1997 -0.739527 0.3 0.5 0.3 1 0 1 0
v -0.709534 -0.1997 -0.386763 0.3 0.5 0.3 1 0 1 0
v -0.712585 -0.1997 -0.417185 0.3 0.5 0.3 1 0 1 0
v -0.0179291 -0.1997 -0.603008 0.3 0.5 0.3 1 0 1 0
v -0.0148773 -0.1997 -0.603008 0.3 0.5 0.3 1 0 1 0
v -0.0038147 -0.1997 -0.562811 0.3 0.5 0.3 1 0 1 0
v -0.0217438 -0.1997 -0.606966 0.3 0.5 0.3 1 0 1 0
v -0.0179291 -0.1997 -0.603008 0.3 0.5 0.3 1 0 1 0
v -0.0038147 -0.1997 -0.562811 0.3 0.5 0.3 1 0 1 0
v -0.0217438 -0.1997 -0.606966 0.3 0.5 0.3 1 0 1 0
v -0.0038147 -0.1997 -0.562811 0.3 0.5 0.3 1 0 1 0
v -0.00686646 -0.1997 -0.561905 0.3 0.5 0.3 1 0 1 0
v -0.0217438 -0.1997 -0.606966 0.3 0.5 0.3 1 0 1 0
v -0.00686646 -0.1997 -0.561905 0.3 0.5 0.3 1 0 1 0
v -0.00839233 -0.1997 -0.559282 0.3 0.5 0.3 1 0 1 0
v -0.709152 -0.1997 -0.202656 0.3 0.5 0.3 1 0 1 0
v -0.925446 -0.1997 -0.325775 0.3 0.5 0.3 1 0 1 0
v -0.918961 -0.1997 -0.327635 0.3 0.5 0.3 1 0 1 0
v -0.918961 -0.1997 -0.327635 0.3 0.5 0.3 1 0 1 0
v -0.819016 -0.1997 -0.357437 0.3 0.5 0.3 1 0 1 0
v -0.814056 -0.1997 -0.348759 0.3 0.5 0.3 1 0 1 0
v -0.918961 -0.1997 -0.327635 0.3 0.5 0.3 1 0 1 0
v -0.814056 -0.1997 -0.348759 0.3 0.5 0.3 1 0 1 0
v -0.812149 -0.1997 -0.302935 0.3 0.5 0.3 1 0 1 0
v -0.709152 -0.1997 -0.202656 0.3 0.5 0.3 1 0 1 0
v -0.918961 -0.1997 -0.327635 0.3 0.5 0.3 1 0 1 0
v -0.812149 -0.1997 -0.302935 0.3 0.5 0.3 1 0 1 0
v -0.146484 -0.1997 -0.917482 0.3 0.5 0.3 1 0 1 0
v -0.0892639 -0.1997 -0.9305 0.3 0.5 0.3 1 0 1 0
v -0.0858307 -0.1997 -0.897694 0.3 0.5 0.3 1 0 1 0
v -0.0858307 -0.1997 -0.897694 0.3 0.5 0.3 1 0 1 0
v -0.087738 -0.1997 -0.889921 0.3 0.5 0.3 1 0 1 0
v -0.0930786 -0.1997 -0.88172 0.3 0.5 0.3 1 0 1 0
v -0.0930786 -0.1997 -0.88172 0.3 0.5 0.3 1 0 1 0
v -0.0999451 -0.1997 -0.879717 0.3 0.5 0.3 1 0 1 0
v -0.107574 -0.1997 -0.882673 0.3 0.5 0.3 1 0 1 0
v -0.128174 -0.1997 -0.851822 0.3 0.5 0.3 1 0 1 0
v -0.123596 -0.1997 -0.839472 0.3 0.5 0.3 1 0 1 0
v -0.121689 -0.1997 -0.830173 0.3 0.5 0.3 1 0 1 0
v -0.121689 -0.1997 -0.830173 0.3 0.5 0.3 1 0 1 0
v -0.122452 -0.1997 -0.820112 0.3 0.5 0.3 1 0 1 0
v -0.130463 -0.1997 -0.798702 0.3 0.5 0.3 1 0 1 0
v -0.130463 -0.1997 -0.798702 0.3 0.5 0.3 1 0 1 0
v -0.143814 -0.1997 -0.799417 0.3 0.5 0.3 1 0 1 0
v -0.148392 -0.1997 -0.801754 0.3 0.5 0.3 1 0 1 0
v -0.148392 -0.1997 -0.801754 0.3 0.5 0.3 1 0 1 0
v -0.151443 -0.1997 -0.804043 0.3 0.5 0.3 1 0 1 0
v -0.158691 -0.1997 -0.881767 0.3 0.5 0.3 1 0 1 0
v -0.158691 -0.1997 -0.881767 0.3 0.5 0.3 1 0 1 0
v -0.156403 -0.1997 -0.895119 0.3 0.5 0.3 1 0 1 0
v -0.152969 -0.1997 -0.905895 0.3 0.5 0.3 1 0 1 0
v -0.157928 -0.1997 -0.919437 0.3 0.5 0.3 1 0 1 0
v -0.178909 -0.1997 -0.915623 0.3 0.5 0.3 1 0 1 0
v -0.186157 -0.1997 -0.914431 0.3 0.5 0.3 1 0 1 0
v -0.186157 -0.1997 -0.914431 0.3 0.5 0.3 1 0 1 0
v -0.193405 -0.1997 -0.98381 0.3 0.5 0.3 1 0 1 0
v -0.168228 -0.1997 -0.990295 0.3 0.5 0.3 1 0 1 0
v -0.146484 -0.1997 -0.917482 0.3 0.5 0.3 1 0 1 0
v -0.0858307 -0.1997 -0.897694 0.3 0.5 0.3 1 0 1 0
v -0.0930786 -0.1997 -0.88172 0.3 0.5 0.3 1 0 1 0
v -0.0930786 -0.1997 -0.88172 0.3 0.5 0.3 1 0 1 0
v -0.107574 -0.1997 -0.882673 0.3 0.5 0.3 1 0 1 0
v -0.115204 -0.1997 -0.883389 0.3 0.5 0.3 1 0 1 0
v -0.128174 -0.1997 -0.851822 0.3 0.5 0.3 1 0 1 0
v -0.121689 -0.1997 -0.830173 0.3 0.5 0.3 1 0 1 0
v -0.130463 -0.1997 -0.798702 0.3 0.5 0.3 1 0 1 0
v -0.130463 -0.1997 -0.798702 0.3 0.5 0.3 1 0 1 0
v -0.148392 -0.1997 -0.801754 0.3 0.5 0.3 1 0 1 0
v -0.158691 -0.1997 -0.881767 0.3 0.5 0.3 1 0 1 0
v -0.186157 -0.1997 -0.914431 0.3 0.5 0.3 1 0 1 0
v -0.168228 -0.1997 -0.990295 0.3 0.5 0.3 1 0 1 0
v -0.167084 -0.1997 -0.978756 0.3 0.5 0.3 1 0 1 0
v -0.146484 -0.1997 -0.917482 0.3 0.5 0.3 1 0 1 0
v -0.0930786 -0.1997 -0.88172 0.3 0.5 0.3 1 0 1 0
v -0.115204 -0.1997 -0.883389 0.3 0.5 0.3 1 0 1 0
v -0.129318 -0.1997 -0.861502 0.3 0.5 0.3 1 0 1 0
v -0.128174 -0.1997 -0.851822 0.3 0.5 0.3 1 0 1 0
v -0.130463 -0.1997 -0.798702 0.3 0.5 0.3 1 0 1 0
v -0.130463 -0.1997 -0.798702 0.3 0.5 0.3 1 0 1 0
v -0.158691 -0.1997 -0.881767 0.3 0.5 0.3 1 0 1 0
v -0.152969 -0.1997 -0.905895 0.3 0.5 0.3 1 0 1 0
v -0.157928 -0.1997 -0.919437 0.3 0.5 0.3 1 0 1 0
v -0.186157 -0.1997 -0.914431 0.3 0.5 0.3 1 0 1 0
v -0.167084 -0.1997 -0.978756 0.3 0.5 0.3 1 0 1 0
v -0.146484 -0.1997 -0.917482 0.3 0.5 0.3 1 0 1 0
v -0.115204 -0.1997 -0.883389 0.3 0.5 0.3 1 0 1 0
v -0.123596 -0.1997 -0.87781 0.3 0.5 0.3 1 0 1 0
v -0.129318 -0.1997 -0.861502 0.3 0.5 0.3 1 0 1 0
v -0.130463 -0.1997 -0.798702 0.3 0.5 0.3 1 0 1 0
v -0.152969 -0.1997 -0.905895 0.3 0.5 0.3 1 0 1 0
v -0.152969 -0.1997 -0.905895 0.3 0.5 0.3 1 0 1 0
v -0.157928 -0.1997 -0.919437 0.3 0.5 0.3 1 0 1 0
v -0.167084 -0.1997 -0.978756 0.3 0.5 0.3 1 0 1 0
v -0.146484 -0.1997 -0.917482 0.3 0.5 0.3 1 0 1 0
v -0.123596 -0.1997 -0.87781 0.3 0.5 0.3 1 0 1 0
v -0.128174 -0.1997 -0.871181 0.3 0.5 0.3 1 0 1 0
v -0.128174 -0.1997 -0.871181 0.3 0.5 0.3 1 0 1 0
v -0.129318 -0.1997 -0.861502 0.3 0.5 0.3 1 0 1 0
v -0.152969 -0.1997 -0.905895 0.3 0.5 0.3 1 0 1 0
v -0.152969 -0.1997 -0.905895 0.3 0.5 0.3 1 0 1 0
v -0.167084 -0.1997 -0.978756 0.3 0.5 0.3 1 0 1 0
v -0.159836 -0.1997 -0.980663 0.3 0.5 0.3 1 0 1 0
v -0.146484 -0.1997 -0.917482 0.3 0.5 0.3 1 0 1 0
v -0.128174 -0.1997 -0.871181 0.3 0.5 0.3 1 0 1 0
v -0.152969 -0.1997 -0.905895 0.3 0.5 0.3 1 0 1 0
v -0.178146 -0.1997 -0.9305 0.3 0.5 0.3 1 0 1 0
v -0.181961 -0.1997 -0.973701 0.3 0.5 0.3 1 0 1 0
v -0.168228 -0.1997 -0.975704 0.3 0.5 0.3 1 0 1 0
v -0.941467 -0.1997 -0.589275 0.3 0.5 0.3 1 0 1 0
v -0.923157 -0.1997 -0.348949 0.3 0.5 0.3 1 0 1 0
v -0.926971 -0.1997 -0.347805 0.3 0.5 0.3 1 0 1 0
v -0.999069 -0.1997 -0.511217 0.3 0.5 0.3 1 0 1 0
v -0.997925 -0.1997 -0.554848 0.3 0.5 0.3 1 0 1 0
v -0.994492 -0.1997 -0.556612 0.3 0.5 0.3 1 0 1 0
v -0.994492 -0.1997 -0.556612 0.3 0.5 0.3 1 0 1 0
v -0.99144 -0.1997 -0.557232 0.3 0.5 0.3 1 0 1 0
v -0.987625 -0.1997 -0.556564 0.3 0.5 0.3 1 0 1 0
v -0.987625 -0.1997 -0.556564 0.3 0.5 0.3 1 0 1 0
v -0.984573 -0.1997 -0.5548 0.3 0.5 0.3 1 0 1 0
v -0.981522 -0.1997 -0.551987 0.3 0.5 0.3 1 0 1 0
v -0.981522 -0.1997 -0.551987 0.3 0.5 0.3 1 0 1 0
v -0.979233 -0.1997 -0.548267 0.3 0.5 0.3 1 0 1 0
v -0.977325 -0.1997 -0.543833 0.3 0.5 0.3 1 0 1 0
v -0.977325 -0.1997 -0.543833 0.3 0.5 0.3 1 0 1 0
v -0.976181 -0.1997 -0.538826 0.3 0.5 0.3 1 0 1 0
v -0.9758 -0.1997 -0.533581 0.3 0.5 0.3 1 0 1 0
v -0.9758 -0.1997 -0.533581 0.3 0.5 0.3 1 0 1 0
v -0.9758 -0.1997 -0.52824 0.3 0.5 0.3 1 0 1 0
v -0.976944 -0.1997 -0.52309 0.3 0.5 0.3 1 0 1 0
v -0.976944 -0.1997 -0.52309 0.3 0.5 0.3 1 0 1 0
v -0.97847 -0.1997 -0.518417 0.3 0.5 0.3 1 0 1 0
v -0.980759 -0.1997 -0.514364 0.3 0.5 0.3 1 0 1 0
v -0.980759 -0.1997 -0.514364 0.3 0.5 0.3 1 0 1 0
v -0.983429 -0.1997 -0.511122 0.3 0.5 0.3 1 0 1 0
v -0.986481 -0.1997 -0.508928 0.3 0.5 0.3 1 0 1 0
v -0.986481 -0.1997 -0.508928 0.3 0.5 0.3 1 0 1 0
v -0.989532 -0.1997 -0.507784 0.3 0.5 0.3 1 0 1 0
v -0.992966 -0.1997 -0.507832 0.3 0.5 0.3 1 0 1 0
v -0.992966 -0.1997 -0.507832 0.3 0.5 0.3 1 0 1 0
v -0.996017 -0.1997 -0.508976 0.3 0.5 0.3 1 0 1 0
v -0.999069 -0.1997 -0.511217 0.3 0.5 0.3 1 0 1 0
v -0.999069 -0.1997 -0.511217 0.3 0.5 0.3 1 0 1 0
v -0.994492 -0.1997 -0.556612 0.3 0.5 0.3 1 0 1 0
v -0.987625 -0.1997 -0.556564 0.3 0.5 0.3 1 0 1 0
v -0.987625 -0.1997 -0.556564 0.3 0.5 0.3 1 0 1 0
v -0.981522 -0.1997 -0.551987 0.3 0.5 0.3 1 0 1 0
v -0.977325 -0.1997 -0.543833 0.3 0.5 0.3 1 0 1 0
v -0.977325 -0.1997 -0.543833 0.3 0.5 0.3 1 0 1 0
v -0.9758 -0.1997 -0.533581 0.3 0.5 0.3 1 0 1 0
v -0.976944 -0.1997 -0.52309 0.3 0.5 0.3 1 0 1 0
v -0.976944 -0.1997 -0.52309 0.3 0.5 0.3 1 0 1 0
v -0.980759 -0.1997 -0.514364 0.3 0.5 0.3 1 0 1 0
v -0.986481 -0.1997 -0.508928 0.3 0.5 0.3 1 0 1 0
v -0.986481 -0.1997 -0.508928 0.3 0.5 0.3 1 0 1 0
v -0.992966 -0.1997 -0.507832 0.3 0.5 0.3 1 0 1 0
v -0.999069 -0.1997 -0.511217 0.3 0.5 0.3 1 0 1 0
v -0.999069 -0.1997 -0.511217 0.3 0.5 0.3 1 0 1 0
v -0.987625 -0.1997 -0.556564 0.3 0.5 0.3 1 0 1 0
v -0.977325 -0.1997 -0.543833 0.3 0.5 0.3 1 0 1 0
v -0.977325 -0.1997 -0.543833 0.3 0.5 0.3 1 0 1 0
v -0.976944 -0.1997 -0.52309 0.3 0.5 0.3 1 0 1 0
v -0.986481 -0.1997 -0.508928 0.3 0.5 0.3 1 0 1 0
v -0.986481 -0.1997 -0.508928 0.3 0.5 0.3 1 0 1 0
v -0.999069 -0.1997 -0.511217 0.3 0.5 0.3 1 0 1 0
v -0.977325 -0.1997 -0.543833 0.3 0.5 0.3 1 0 1 0
floor
v -0.918961 -0.1997 -0.327635 0.3 0.5 0.3 1 0 1 0
v -0.919724 -0.1997 -0.341368 0.3 0.5 0.3 1 0 1 0
v -0.917053 -0.1997 -0.34256 0.3 0.5 0.3 1 0 1 0
v -0.917053 -0.1997 -0.34256 0.3 0.5 0.3 1 0 1 0
v -0.820923 -0.1997 -0.373363 0.3 0.5 0.3 1 0 1 0
v -0.819778 -0.1997 -0.364017 0.3 0.5 0.3 1 0 1 0
v -0.918961 -0.1997 -0.327635 0.3 0.5 0.3 1 0 1 0
v -0.917053 -0.1997 -0.34256 0.3 0.5 0.3 1 0 1 0
v -0.819778 -0.1997 -0.364017 0.3 0.5 0.3 1 0 1 0
v -0.787735 -0.1997 -0.166512 0.3 0.5 0.3 1 0 1 0
v -0.799179 -0.1997 -0.204754 0.3 0.5 0.3 1 0 1 0
v -0.805283 -0.1997 -0.250196 0.3 0.5 0.3 1 0 1 0
v -0.805283 -0.1997 -0.250196 0.3 0.5 0.3 1 0 1 0
v -0.812149 -0.1997 -0.302935 0.3 0.5 0.3 1 0 1 0
v -0.814056 -0.1997 -0.348759 0.3 0.5 0.3 1 0 1 0
v -0.814056 -0.1997 -0.348711 0.3 0.5 0.3 1 0 1 0
v -0.74501 -0.1997 -0.370121 0.3 0.5 0.3 1 0 1 0
v -0.735855 -0.1997 -0.319767 0.3 0.5 0.3 1 0 1 0
v -0.787735 -0.1997 -0.166512 0.3 0.5 0.3 1 0 1 0
v -0.805283 -0.1997 -0.250196 0.3 0.5 0.3 1 0 1 0
v -0.814056 -0.1997 -0.348759 0.3 0.5 0.3 1 0 1 0
v -0.208282 -0.1997 -0.551987 0.3 0.5 0.3 1 0 1 0
v -0.299072 -0.1997 -0.580502 0.3 0.5 0.3 1 0 1 0
v -0.294113 -0.1997 -0.633192 0.3 0.5 0.3 1 0 1 0
v -0.294113 -0.1997 -0.633192 0.3 0.5 0.3 1 0 1 0
v -0.300217 -0.1997 -0.643444 0.3 0.5 0.3 1 0 1 0
v -0.209808 -0.1997 -0.609732 0.3 0.5 0.3 1 0 1 0
v -0.208282 -0.1997 -0.551987 0.3 0.5 0.3 1 0 1 0
v -0.294113 -0.1997 -0.633192 0.3 0.5 0.3 1 0 1 0
v -0.209808 -0.1997 -0.609732 0.3 0.5 0.3 1 0 1 0
v -0.208282 -0.1997 -0.551987 0.3 0.5 0.3 1 0 1 0
v -0.214386 -0.1997 -0.494242 0.3 0.5 0.3 1 0 1 0
v -0.278091 -0.1997 -0.528002 0.3 0.5 0.3 1 0 1 0
v -0.286865 -0.1997 -0.535679 0.3 0.5 0.3 1 0 1 0
v -0.304413 -0.1997 -0.547647 0.3 0.5 0.3 1 0 1 0
v -0.309753 -0.1997 -0.558043 0.3 0.5 0.3 1 0 1 0
v -0.208282 -0.1997 -0.551987 0.3 0.5 0.3 1 0 1 0
v -0.278091 -0.1997 -0.528002 0.3 0.5 0.3 1 0 1 0
v -0.286865 -0.1997 -0.535679 0.3 0.5 0.3 1 0 1 0
v -0.286865 -0.1997 -0.535679 0.3 0.5 0.3 1 0 1 0
v -0.309753 -0.1997 -0.558043 0.3 0.5 0.3 1 0 1 0
v -0.307083 -0.1997 -0.583029 0.3 0.5 0.3 1 0 1 0
v -0.401306 -0.1997 -0.709105 0.3 0.5 0.3 1 0 1 0
v -0.449371 -0.1997 -0.727606 0.3 0.5 0.3 1 0 1 0
v -0.447083 -0.1997 -0.743818 0.3 0.5 0.3 1 0 1 0
v -0.401306 -0.1997 -0.709105 0.3 0.5 0.3 1 0 1 0
v -0.447083 -0.1997 -0.743818 0.3 0.5 0.3 1 0 1 0
v -0.405121 -0.1997 -0.728321 0.3 0.5 0.3 1 0 1 0
v -0.621414 -0.1997 -0.888538 0.3 0.5 0.3 1 0 1 0
v -0.617218 -0.1997 -0.882769 0.3 0.5 0.3 1 0 1 0
v -0.613403 -0.1997 -0.876236 0.3 0.5 0.3 1 0 1 0
v -0.613403 -0.1997 -0.876236 0.3 0.5 0.3 1 0 1 0
v -0.613403 -0.1997 -0.871181 0.3 0.5 0.3 1 0 1 0
v -0.615311 -0.1997 -0.865459 0.3 0.5 0.3 1 0 1 0
v -0.621414 -0.1997 -0.888538 0.3 0.5 0.3 1 0 1 0
v -0.613403 -0.1997 -0.876236 0.3 0.5 0.3 1 0 1 0
v -0.615311 -0.1997 -0.865459 0.3 0.5 0.3 1 0 1 0
v -0.69809 -0.1997 -0.938988 0.3 0.5 0.3 1 0 1 0
v -0.615311 -0.1997 -0.865459 0.3 0.5 0.3 1 0 1 0
v -0.617599 -0.1997 -0.859165 0.3 0.5 0.3 1 0 1 0
v -0.617599 -0.1997 -0.859165 0.3 0.5 0.3 1 0 1 0
v -0.710678 -0.1997 -0.938988 0.3 0.5 0.3 1 0 1 0
v -0.774384 -0.1997 -0.997066 0.3 0.5 0.3 1 0 1 0
v -0.69809 -0.1997 -0.938988 0.3 0.5 0.3 1 0 1 0
v -0.617599 -0.1997 -0.859165 0.3 0.5 0.3 1 0 1 0
v -0.774384 -0.1997 -0.997066 0.3 0.5 0.3 1 0 1 0
v -0.859451 -0.1997 -0.745773 0.3 0.5 0.3 1 0 1 0
v -0.871658 -0.1997 -0.745296 0.3 0.5 0.3 1 0 1 0
v -0.873566 -0.1997 -0.761366 0.3 0.5 0.3 1 0 1 0
v -0.859451 -0.1997 -0.745773 0.3 0.5 0.3 1 0 1 0
v -0.873566 -0.1997 -0.761366 0.3 0.5 0.3 1 0 1 0
v -0.868607 -0.1997 -0.761604 0.3 0.5 0.3 1 0 1 0
v -0.867081 -0.1997 -0.807238 0.3 0.5 0.3 1 0 1 0
v -0.859451 -0.1997 -0.745773 0.3 0.5 0.3 1 0 1 0
v -0.868607 -0.1997 -0.761604 0.3 0.5 0.3 1 0 1 0
v -0.867081 -0.1997 -0.807238 0.3 0.5 0.3 1 0 1 0
v -0.868607 -0.1997 -0.761604 0.3 0.5 0.3 1 0 1 0
v -0.869751 -0.1997 -0.768805 0.3 0.5 0.3 1 0 1 0
v -0.867081 -0.1997 -0.807238 0.3 0.5 0.3 1 0 1 0
v -0.869751 -0.1997 -0.768805 0.3 0.5 0.3 1 0 1 0
v -0.871277 -0.1997 -0.778008 0.3 0.5 0.3 1 0 1 0
v -0.867081 -0.1997 -0.807238 0.3 0.5 0.3 1 0 1 0
v -0.871277 -0.1997 -0.778008 0.3 0.5 0.3 1 0 1 0
v -0.907898 -0.1997 -0.988102 0.3 0.5 0.3 1 0 1 0
v -0.871658 -0.1997 -0.745296 0.3 0.5 0.3 1 0 1 0
v -0.947189 -0.1997 -0.742292 0.3 0.5 0.3 1 0 1 0
v -0.948334 -0.1997 -0.757551 0.3 0.5 0.3 1 0 1 0
v -0.954056 -0.1997 -0.757265 0.3 0.5 0.3 1 0 1 0
v -0.945663 -0.1997 -0.645351 0.3 0.5 0.3 1 0 1 0
v -0.967407 -0.1997 -0.686741 0.3 0.5 0.3 1 0 1 0
v -0.988007 -0.1997 -0.713539 0.3 0.5 0.3 1 0 1 0
v -0.998306 -0.1997 -0.718689 0.3 0.5 0.3 1 0 1 0
v -0.954056 -0.1997 -0.757265 0.3 0.5 0.3 1 0 1 0
v -0.954056 -0.1997 -0.757265 0.3 0.5 0.3 1 0 1 0
v -0.967407 -0.1997 -0.686741 0.3 0.5 0.3 1 0 1 0
v -0.988007 -0.1997 -0.713539 0.3 0.5 0.3 1 0 1 0
v -0.0637054 -0.1997 -0.2913 0.3 0.5 0.3 1 0 1 0
v -0.0675201 -0.1997 -0.27504 0.3 0.5 0.3 1 0 1 0
v -0.0732422 -0.1997 -0.277758 0.3 0.5 0.3 1 0 1 0
v -0.0640869 -0.1997 -0.333452 0.3 0.5 0.3 1 0 1 0
v -0.00724792 -0.1997 -0.247097 0.3 0.5 0.3 1 0 1 0
v -0.0102997 -0.1997 -0.248528 0.3 0.5 0.3 1 0 1 0
v -0.0591278 -0.1997 -0.29974 0.3 0.5 0.3 1 0 1 0
v -0.0637054 -0.1997 -0.2913 0.3 0.5 0.3 1 0 1 0
v -0.0732422 -0.1997 -0.277758 0.3 0.5 0.3 1 0 1 0
v -0.0591278 -0.1997 -0.29974 0.3 0.5 0.3 1 0 1 0
v -0.0732422 -0.1997 -0.277758 0.3 0.5 0.3 1 0 1 0
v -0.0640869 -0.1997 -0.333452 0.3 0.5 0.3 1 0 1 0
v -0.056076 -0.1997 -0.30303 0.3 0.5 0.3 1 0 1 0
v -0.0591278 -0.1997 -0.29974 0.3 0.5 0.3 1 0 1 0
v -0.0640869 -0.1997 -0.333452 0.3 0.5 0.3 1 0 1 0
v -0.0526428 -0.1997 -0.303316 0.3 0.5 0.3 1 0 1 0
v -0.056076 -0.1997 -0.30303 0.3 0.5 0.3 1 0 1 0
v -0.0640869 -0.1997 -0.333452 0.3 0.5 0.3 1 0 1 0
v -0.0507355 -0.1997 -0.302029 0.3 0.5 0.3 1 0 1 0
v -0.0526428 -0.1997 -0.303316 0.3 0.5 0.3 1 0 1 0
v -0.0640869 -0.1997 -0.333452 0.3 0.5 0.3 1 0 1 0
v -0.0507355 -0.1997 -0.302029 0.3 0.5 0.3 1 0 1 0
v -0.0640869 -0.1997 -0.333452 0.3 0.5 0.3 1 0 1 0
v -0.0102997 -0.1997 -0.248528 0.3 0.5 0.3 1 0 1 0
v -0.0499725 -0.1997 -0.299311 0.3 0.5 0.3 1 0 1 0
v -0.0507355 -0.1997 -0.302029 0.3 0.5 0.3 1 0 1 0
v -0.0102997 -0.1997 -0.248528 0.3 0.5 0.3 1 0 1 0
v -0.050354 -0.1997 -0.295782 0.3 0.5 0.3 1 0 1 0
v -0.0499725 -0.1997 -0.299311 0.3 0.5 0.3 1 0 1 0
v -0.0102997 -0.1997 -0.248528 0.3 0.5 0.3 1 0 1 0
v -0.0518799 -0.1997 -0.291443 0.3 0.5 0.3 1 0 1 0
v -0.050354 -0.1997 -0.295782 0.3 0.5 0.3 1 0 1 0
v -0.0102997 -0.1997 -0.248528 0.3 0.5 0.3 1 0 1 0
v -0.0808716 -0.1997 -0.281239 0.3 0.5 0.3 1 0 1 0
v -0.159836 -0.1997 -0.318432 0.3 0.5 0.3 1 0 1 0
v -0.149918 -0.1997 -0.377464 0.3 0.5 0.3 1 0 1 0
v -0.0595093 -0.1997 -0.402164 0.3 0.5 0.3 1 0 1 0
v -0.069809 -0.1997 -0.345373 0.3 0.5 0.3 1 0 1 0
v -0.148392 -0.1997 -0.385857 0.3 0.5 0.3 1 0 1 0
v -0.164795 -0.1997 -0.320911 0.3 0.5 0.3 1 0 1 0
v -0.227356 -0.1997 -0.350857 0.3 0.5 0.3 1 0 1 0
v -0.222015 -0.1997 -0.414371 0.3 0.5 0.3 1 0 1 0
v -0.143433 -0.1997 -0.446939 0.3 0.5 0.3 1 0 1 0
v -0.153351 -0.1997 -0.388479 0.3 0.5 0.3 1 0 1 0
v -0.221252 -0.1997 -0.423908 0.3 0.5 0.3 1 0 1 0
v -0.221252 -0.1997 -0.423908 0.3 0.5 0.3 1 0 1 0
v -0.268555 -0.1997 -0.448561 0.3 0.5 0.3 1 0 1 0
v -0.277328 -0.1997 -0.51651 0.3 0.5 0.3 1 0 1 0
v -0.256348 -0.1997 -0.364828 0.3 0.5 0.3 1 0 1 0
v -0.257874 -0.1997 -0.365543 0.3 0.5 0.3 1 0 1 0
v -0.259781 -0.1997 -0.382137 0.3 0.5 0.3 1 0 1 0
v -0.227356 -0.1997 -0.350857 0.3 0.5 0.3 1 0 1 0
v -0.256348 -0.1997 -0.364828 0.3 0.5 0.3 1 0 1 0
v -0.259781 -0.1997 -0.382137 0.3 0.5 0.3 1 0 1 0
v -0.227356 -0.1997 -0.350857 0.3 0.5 0.3 1 0 1 0
v -0.259781 -0.1997 -0.382137 0.3 0.5 0.3 1 0 1 0
v -0.267029 -0.1997 -0.43726 0.3 0.5 0.3 1 0 1 0
v -0.173187 -0.1997 -0.239563 0.3 0.5 0.3 1 0 1 0
v -0.160599 -0.1997 -0.233936 0.3 0.5 0.3 1 0 1 0
v -0.159073 -0.1997 -0.233221 0.3 0.5 0.3 1 0 1 0
v -0.159073 -0.1997 -0.233221 0.3 0.5 0.3 1 0 1 0
v -0.162888 -0.1997 -0.224352 0.3 0.5 0.3 1 0 1 0
v -0.164413 -0.1997 -0.222492 0.3 0.5 0.3 1 0 1 0
v -0.173187 -0.1997 -0.239563 0.3 0.5 0.3 1 0 1 0
v -0.159073 -0.1997 -0.233221 0.3 0.5 0.3 1 0 1 0
v -0.164413 -0.1997 -0.222492 0.3 0.5 0.3 1 0 1 0
v -0.173187 -0.1997 -0.239563 0.3 0.5 0.3 1 0 1 0
v -0.164413 -0.1997 -0.222492 0.3 0.5 0.3 1 0 1 0
v -0.166321 -0.1997 -0.222158 0.3 0.5 0.3 1 0 1 0
v -0.0320435 -0.1997 -0.654411 0.3 0.5 0.3 1 0 1 0
v -0.0492096 -0.1997 -0.653887 0.3 0.5 0.3 1 0 1 0
v -0.0484467 -0.1997 -0.667191 0.3 0.5 0.3 1 0 1 0
v -0.0480652 -0.1997 -0.670958 0.3 0.5 0.3 1 0 1 0
v -0.0732422 -0.1997 -0.680351 0.3 0.5 0.3 1 0 1 0
v -0.0789642 -0.1997 -0.711966 0.3 0.5 0.3 1 0 1 0
v -0.0789642 -0.1997 -0.711966 0.3 0.5 0.3 1 0 1 0
v -0.0637054 -0.1997 -0.716972 0.3 0.5 0.3 1 0 1 0
v -0.063324 -0.1997 -0.707293 0.3 0.5 0.3 1 0 1 0
v -0.0648499 -0.1997 -0.694752 0.3 0.5 0.3 1 0 1 0
v -0.0591278 -0.1997 -0.695753 0.3 0.5 0.3 1 0 1 0
v -0.0526428 -0.1997 -0.692511 0.3 0.5 0.3 1 0 1 0
v -0.0320435 -0.1997 -0.654411 0.3 0.5 0.3 1 0 1 0
v -0.0484467 -0.1997 -0.667191 0.3 0.5 0.3 1 0 1 0
v -0.0480652 -0.1997 -0.670958 0.3 0.5 0.3 1 0 1 0
v -0.0789642 -0.1997 -0.711966 0.3 0.5 0.3 1 0 1 0
v -0.063324 -0.1997 -0.707293 0.3 0.5 0.3 1 0 1 0
v -0.0656128 -0.1997 -0.706673 0.3 0.5 0.3 1 0 1 0
v -0.0320435 -0.1997 -0.654411 0.3 0.5 0.3 1 0 1 0
v -0.0480652 -0.1997 -0.670958 0.3 0.5 0.3 1 0 1 0
v -0.0789642 -0.1997 -0.711966 0.3 0.5 0.3 1 0 1 0
v -0.0789642 -0.1997 -0.711966 0.3 0.5 0.3 1 0 1 0
v -0.0656128 -0.1997 -0.706673 0.3 0.5 0.3 1 0 1 0
v -0.0648499 -0.1997 -0.694752 0.3 0.5 0.3 1 0 1 0
v -0.0320435 -0.1997 -0.654411 0.3 0.5 0.3 1 0 1 0
v -0.0789642 -0.1997 -0.711966 0.3 0.5 0.3 1 0 1 0
v -0.0648499 -0.1997 -0.694752 0.3 0.5 0.3 1 0 1 0
v -0.0320435 -0.1997 -0.654411 0.3 0.5 0.3 1 0 1 0
v -0.0648499 -0.1997 -0.694752 0.3 0.5 0.3 1 0 1 0
v -0.0526428 -0.1997 -0.692511 0.3 0.5 0.3 1 0 1 0
v -0.0770569 -0.1997 -0.771046 0.3 0.5 0.3 1 0 1 0
v -0.0770569 -0.1997 -0.764322 0.3 0.5 0.3 1 0 1 0
v -0.0778198 -0.1997 -0.758266 0.3 0.5 0.3 1 0 1 0
v -0.0778198 -0.1997 -0.758266 0.3 0.5 0.3 1 0 1 0
v -0.0793457 -0.1997 -0.754881 0.3 0.5 0.3 1 0 1 0
v -0.0812531 -0.1997 -0.751209 0.3 0.5 0.3 1 0 1 0
v -0.0812531 -0.1997 -0.751209 0.3 0.5 0.3 1 0 1 0
v -0.0839233 -0.1997 -0.74811 0.3 0.5 0.3 1 0 1 0
v -0.0873566 -0.1997 -0.74563 0.3 0.5 0.3 1 0 1 0
v -0.0873566 -0.1997 -0.74563 0.3 0.5 0.3 1 0 1 0
v -0.087738 -0.1997 -0.741673 0.3 0.5 0.3 1 0 1 0
v -0.0923157 -0.1997 -0.740099 0.3 0.5 0.3 1 0 1 0
v -0.0923157 -0.1997 -0.740099 0.3 0.5 0.3 1 0 1 0
v -0.0991821 -0.1997 -0.738764 0.3 0.5 0.3 1 0 1 0
v -0.104523 -0.1997 -0.739336 0.3 0.5 0.3 1 0 1 0
v -0.104523 -0.1997 -0.739336 0.3 0.5 0.3 1 0 1 0
v -0.107956 -0.1997 -0.74048 0.3 0.5 0.3 1 0 1 0
v -0.109863 -0.1997 -0.742292 0.3 0.5 0.3 1 0 1 0
v -0.109863 -0.1997 -0.742292 0.3 0.5 0.3 1 0 1 0
v -0.111008 -0.1997 -0.74501 0.3 0.5 0.3 1 0 1 0
v -0.111008 -0.1997 -0.747776 0.3 0.5 0.3 1 0 1 0
v -0.111008 -0.1997 -0.747776 0.3 0.5 0.3 1 0 1 0
v -0.110626 -0.1997 -0.754786 0.3 0.5 0.3 1 0 1 0
v -0.109482 -0.1997 -0.761557 0.3 0.5 0.3 1 0 1 0
v -0.0999451 -0.1997 -0.763416 0.3 0.5 0.3 1 0 1 0
v -0.0919342 -0.1997 -0.774813 0.3 0.5 0.3 1 0 1 0
v -0.0888824 -0.1997 -0.777292 0.3 0.5 0.3 1 0 1 0
v -0.0888824 -0.1997 -0.777292 0.3 0.5 0.3 1 0 1 0
v -0.0865936 -0.1997 -0.778532 0.3 0.5 0.3 1 0 1 0
v -0.0831604 -0.1997 -0.77858 0.3 0.5 0.3 1 0 1 0
v -0.0770569 -0.1997 -0.780201 0.3 0.5 0.3 1 0 1 0
v -0.0770569 -0.1997 -0.771046 0.3 0.5 0.3 1 0 1 0
v -0.0778198 -0.1997 -0.758266 0.3 0.5 0.3 1 0 1 0
v -0.0778198 -0.1997 -0.758266 0.3 0.5 0.3 1 0 1 0
v -0.0812531 -0.1997 -0.751209 0.3 0.5 0.3 1 0 1 0
v -0.0873566 -0.1997 -0.74563 0.3 0.5 0.3 1 0 1 0
v -0.0873566 -0.1997 -0.74563 0.3 0.5 0.3 1 0 1 0
v -0.0923157 -0.1997 -0.740099 0.3 0.5 0.3 1 0 1 0
v -0.104523 -0.1997 -0.739336 0.3 0.5 0.3 1 0 1 0
v -0.104523 -0.1997 -0.739336 0.3 0.5 0.3 1 0 1 0
v -0.109863 -0.1997 -0.742292 0.3 0.5 0.3 1 0 1 0
v -0.111008 -0.1997 -0.747776 0.3 0.5 0.3 1 0 1 0
v -0.111008 -0.1997 -0.747776 0.3 0.5 0.3 1 0 1 0
v -0.109482 -0.1997 -0.761557 0.3 0.5 0.3 1 0 1 0
v -0.10376 -0.1997 -0.760937 0.3 0.5 0.3 1 0 1 0
v -0.0999451 -0.1997 -0.763416 0.3 0.5 0.3 1 0 1 0
v -0.0888824 -0.1997 -0.777292 0.3 0.5 0.3 1 0 1 0
v -0.0831604 -0.1997 -0.77858 0.3 0.5 0.3 1 0 1 0
v -0.0770569 -0.1997 -0.780201 0.3 0.5 0.3 1 0 1 0
v -0.0778198 -0.1997 -0.758266 0.3 0.5 0.3 1 0 1 0
v -0.0873566 -0.1997 -0.74563 0.3 0.5 0.3 1 0 1 0
v -0.0873566 -0.1997 -0.74563 0.3 0.5 0.3 1 0 1 0
v -0.104523 -0.1997 -0.739336 0.3 0.5 0.3 1 0 1 0
v -0.111008 -0.1997 -0.747776 0.3 0.5 0.3 1 0 1 0
v -0.111008 -0.1997 -0.747776 0.3 0.5 0.3 1 0 1 0
v -0.10376 -0.1997 -0.760937 0.3 0.5 0.3 1 0 1 0
v -0.101471 -0.1997 -0.76189 0.3 0.5 0.3 1 0 1 0
v -0.101471 -0.1997 -0.76189 0.3 0.5 0.3 1 0 1 0
v -0.0999451 -0.1997 -0.763416 0.3 0.5 0.3 1 0 1 0
v -0.0831604 -0.1997 -0.77858 0.3 0.5 0.3 1 0 1 0
v -0.0770569 -0.1997 -0.780201 0.3 0.5 0.3 1 0 1 0
v -0.0873566 -0.1997 -0.74563 0.3 0.5 0.3 1 0 1 0
v -0.111008 -0.1997 -0.747776 0.3 0.5 0.3 1 0 1 0
v -0.111008 -0.1997 -0.747776 0.3 0.5 0.3 1 0 1 0
v -0.101471 -0.1997 -0.76189 0.3 0.5 0.3 1 0 1 0
v -0.0831604 -0.1997 -0.77858 0.3 0.5 0.3 1 0 1 0
v -0.111008 -0.1997 -0.747776 0.3 0.5 0.3 1 0 1 0
v -0.0831604 -0.1997 -0.77858 0.3 0.5 0.3 1 0 1 0
v -0.0804901 -0.1997 -0.778008 0.3 0.5 0.3 1 0 1 0
v -0.0770569 -0.1997 -0.780201 0.3 0.5 0.3 1 0 1 0
v -0.111008 -0.1997 -0.747776 0.3 0.5 0.3 1 0 1 0
v -0.0804901 -0.1997 -0.778008 0.3 0.5 0.3 1 0 1 0
v -0.0770569 -0.1997 -0.780201 0.3 0.5 0.3 1 0 1 0
v -0.0804901 -0.1997 -0.778008 0.3 0.5 0.3 1 0 1 0
v -0.0823975 -0.1997 -0.790787 0.3 0.5 0.3 1 0 1 0
v -0.120163 -0.1997 -0.768661 0.3 0.5 0.3 1 0 1 0
v -0.117493 -0.1997 -0.744915 0.3 0.5 0.3 1 0 1 0
v -0.120926 -0.1997 -0.740004 0.3 0.5 0.3 1 0 1 0
v -0.120926 -0.1997 -0.740004 0.3 0.5 0.3 1 0 1 0
v -0.123596 -0.1997 -0.738764 0.3 0.5 0.3 1 0 1 0
v -0.1297 -0.1997 -0.74172 0.3 0.5 0.3 1 0 1 0
v -0.1297 -0.1997 -0.74172 0.3 0.5 0.3 1 0 1 0
v -0.131989 -0.1997 -0.744724 0.3 0.5 0.3 1 0 1 0
v -0.138855 -0.1997 -0.760508 0.3 0.5 0.3 1 0 1 0
v -0.138855 -0.1997 -0.760508 0.3 0.5 0.3 1 0 1 0
v -0.139236 -0.1997 -0.771427 0.3 0.5 0.3 1 0 1 0
v -0.137711 -0.1997 -0.779963 0.3 0.5 0.3 1 0 1 0
v -0.137711 -0.1997 -0.779963 0.3 0.5 0.3 1 0 1 0
v -0.136185 -0.1997 -0.790548 0.3 0.5 0.3 1 0 1 0
v -0.130081 -0.1997 -0.789547 0.3 0.5 0.3 1 0 1 0
v -0.120163 -0.1997 -0.768661 0.3 0.5 0.3 1 0 1 0
v -0.120926 -0.1997 -0.740004 0.3 0.5 0.3 1 0 1 0
v -0.1297 -0.1997 -0.74172 0.3 0.5 0.3 1 0 1 0
v -0.1297 -0.1997 -0.74172 0.3 0.5 0.3 1 0 1 0
v -0.138855 -0.1997 -0.760508 0.3 0.5 0.3 1 0 1 0
v -0.137711 -0.1997 -0.779963 0.3 0.5 0.3 1 0 1 0
v -0.120163 -0.1997 -0.768661 0.3 0.5 0.3 1 0 1 0
v -0.1297 -0.1997 -0.74172 0.3 0.5 0.3 1 0 1 0
v -0.137711 -0.1997 -0.779963 0.3 0.5 0.3 1 0 1 0
v -0.120163 -0.1997 -0.768661 0.3 0.5 0.3 1 0 1 0
v -0.137711 -0.1997 -0.779963 0.3 0.5 0.3 1 0 1 0
v -0.130081 -0.1997 -0.789547 0.3 0.5 0.3 1 0 1 0
v -0.208664 -0.1997 -0.790882 0.3 0.5 0.3 1 0 1 0
v -0.219345 -0.1997 -0.724363 0.3 0.5 0.3 1 0 1 0
v -0.268936 -0.1997 -0.743198 0.3 0.5 0.3 1 0 1 0
v -0.30632 -0.1997 -0.79093 0.3 0.5 0.3 1 0 1 0
v -0.299454 -0.1997 -0.953245 0.3 0.5 0.3 1 0 1 0
v -0.298309 -0.1997 -0.888634 0.3 0.5 0.3 1 0 1 0
v -0.298309 -0.1997 -0.888634 0.3 0.5 0.3 1 0 1 0
v -0.297928 -0.1997 -0.885439 0.3 0.5 0.3 1 0 1 0
v -0.296783 -0.1997 -0.862408 0.3 0.5 0.3 1 0 1 0
v -0.291824 -0.1997 -0.795126 0.3 0.5 0.3 1 0 1 0
v -0.291443 -0.1997 -0.792885 0.3 0.5 0.3 1 0 1 0
v -0.296021 -0.1997 -0.789738 0.3 0.5 0.3 1 0 1 0
v -0.296021 -0.1997 -0.789738 0.3 0.5 0.3 1 0 1 0
v -0.30632 -0.1997 -0.79093 0.3 0.5 0.3 1 0 1 0
v -0.298309 -0.1997 -0.888634 0.3 0.5 0.3 1 0 1 0
v -0.296783 -0.1997 -0.862408 0.3 0.5 0.3 1 0 1 0
v -0.291824 -0.1997 -0.795126 0.3 0.5 0.3 1 0 1 0
v -0.296021 -0.1997 -0.789738 0.3 0.5 0.3 1 0 1 0
v -0.296021 -0.1997 -0.789738 0.3 0.5 0.3 1 0 1 0
v -0.298309 -0.1997 -0.888634 0.3 0.5 0.3 1 0 1 0
v -0.296783 -0.1997 -0.862408 0.3 0.5 0.3 1 0 1 0
v -0.314713 -0.1997 -0.694752 0.3 0.5 0.3 1 0 1 0
v -0.314713 -0.1997 -0.693226 0.3 0.5 0.3 1 0 1 0
v -0.361252 -0.1997 -0.710678 0.3 0.5 0.3 1 0 1 0
v -0.663376 -0.1997 -0.998068 0.3 0.5 0.3 1 0 1 0
v -0.675964 -0.1997 -0.979662 0.3 0.5 0.3 1 0 1 0
v -0.693512 -0.1997 -0.957584 0.3 0.5 0.3 1 0 1 0
v -0.69809 -0.1997 -0.938988 0.3 0.5 0.3 1 0 1 0
v -0.444794 -0.1997 -0.975466 0.3 0.5 0.3 1 0 1 0
v -0.366592 -0.1997 -0.926971 0.3 0.5 0.3 1 0 1 0
v -0.366592 -0.1997 -0.926971 0.3 0.5 0.3 1 0 1 0
v -0.349808 -0.1997 -0.91567 0.3 0.5 0.3 1 0 1 0
