boundries 51.5603 4.78339 51.5703 4.79339
floor
v -0.262451 -0.2 -0.93112 0.5 0.5 0.5 1 1 0 1
v -0.152206 -0.2 -0.841141 0.5 0.5 0.5 1 1 0 1
v -0.262451 -0.1 -0.93112 0.5 0.5 0.5 1 1 0 1
v -0.262451 -0.1 -0.93112 0.5 0.5 0.5 1 1 0 1
v -0.152206 -0.1 -0.841141 0.5 0.5 0.5 1 1 0 1
v -0.152206 -0.2 -0.841141 0.5 0.5 0.5 1 1 0 1
v -0.152206 -0.2 -0.841141 0.5 0.5 0.5 1 1 0 1
v -0.165939 -0.2 -0.750589 0.5 0.5 0.5 1 1 0 1
v -0.152206 -0.1 -0.841141 0.5 0.5 0.5 1 1 0 1
v -0.152206 -0.1 -0.841141 0.5 0.5 0.5 1 1 0 1
v -0.165939 -0.1 -0.750589 0.5 0.5 0.5 1 1 0 1
v -0.165939 -0.2 -0.750589 0.5 0.5 0.5 1 1 0 1
v -0.165939 -0.2 -0.750589 0.5 0.5 0.5 1 1 0 1
v -0.212479 -0.2 -0.652647 0.5 0.5 0.5 1 1 0 1
v -0.165939 -0.1 -0.750589 0.5 0.5 0.5 1 1 0 1
v -0.165939 -0.1 -0.750589 0.5 0.5 0.5 1 1 0 1
v -0.212479 -0.1 -0.652647 0.5 0.5 0.5 1 1 0 1
v -0.212479 -0.2 -0.652647 0.5 0.5 0.5 1 1 0 1
v -0.212479 -0.2 -0.652647 0.5 0.5 0.5 1 1 0 1
v -0.307465 -0.2 -0.485468 0.5 0.5 0.5 1 1 0 1
v -0.212479 -0.1 -0.652647 0.5 0.5 0.5 1 1 0 1
v -0.212479 -0.1 -0.652647 0.5 0.5 0.5 1 1 0 1
v -0.307465 -0.1 -0.485468 0.5 0.5 0.5 1 1 0 1
v -0.307465 -0.2 -0.485468 0.5 0.5 0.5 1 1 0 1
v -0.307465 -0.2 -0.485468 0.5 0.5 0.5 1 1 0 1
v -0.41275 -0.2 -0.370741 0.5 0.5 0.5 1 1 0 1
v -0.307465 -0.1 -0.485468 0.5 0.5 0.5 1 1 0 1
v -0.307465 -0.1 -0.485468 0.5 0.5 0.5 1 1 0 1
v -0.41275 -0.1 -0.370741 0.5 0.5 0.5 1 1 0 1
v -0.41275 -0.2 -0.370741 0.5 0.5 0.5 1 1 0 1
v -0.41275 -0.2 -0.370741 0.5 0.5 0.5 1 1 0 1
v -0.495148 -0.2 -0.266075 0.5 0.5 0.5 1 1 0 1
v -0.41275 -0.1 -0.370741 0.5 0.5 0.5 1 1 0 1
v -0.41275 -0.1 -0.370741 0.5 0.5 0.5 1 1 0 1
v -0.495148 -0.1 -0.266075 0.5 0.5 0.5 1 1 0 1
v -0.495148 -0.2 -0.266075 0.5 0.5 0.5 1 1 0 1
v -0.495148 -0.2 -0.266075 0.5 0.5 0.5 1 1 0 1
v -0.580978 -0.2 -0.100183 0.5 0.5 0.5 1 1 0 1
v -0.495148 -0.1 -0.266075 0.5 0.5 0.5 1 1 0 1
v -0.495148 -0.1 -0.266075 0.5 0.5 0.5 1 1 0 1
v -0.580978 -0.1 -0.100183 0.5 0.5 0.5 1 1 0 1
v -0.580978 -0.2 -0.100183 0.5 0.5 0.5 1 1 0 1
v -0.580978 -0.2 -0.100183 0.5 0.5 0.5 1 1 0 1
v -0.61264 -0.2 -0.0608444 0.5 0.5 0.5 1 1 0 1
v -0.580978 -0.1 -0.100183 0.5 0.5 0.5 1 1 0 1
v -0.580978 -0.1 -0.100183 0.5 0.5 0.5 1 1 0 1
v -0.61264 -0.1 -0.0608444 0.5 0.5 0.5 1 1 0 1
v -0.61264 -0.2 -0.0608444 0.5 0.5 0.5 1 1 0 1
v -0.61264 -0.2 -0.0608444 0.5 0.5 0.5 1 1 0 1
v -0.642395 -0.2 -0.0311375 0.5 0.5 0.5 1 1 0 1
v -0.61264 -0.1 -0.0608444 0.5 0.5 0.5 1 1 0 1
v -0.61264 -0.1 -0.0608444 0.5 0.5 0.5 1 1 0 1
v -0.642395 -0.1 -0.0311375 0.5 0.5 0.5 1 1 0 1
v -0.642395 -0.2 -0.0311375 0.5 0.5 0.5 1 1 0 1
v -0.642395 -0.2 -0.0311375 0.5 0.5 0.5 1 1 0 1
v -0.262451 -0.2 -0.93112 0.5 0.5 0.5 1 1 0 1
v -0.642395 -0.1 -0.0311375 0.5 0.5 0.5 1 1 0 1
v -0.642395 -0.1 -0.0311375 0.5 0.5 0.5 1 1 0 1
v -0.262451 -0.1 -0.93112 0.5 0.5 0.5 1 1 0 1
v -0.262451 -0.2 -0.93112 0.5 0.5 0.5 1 1 0 1
v -0.642395 -0.1 -0.0311375 0.5 0.5 0.5 1 0 1 0
v -0.262451 -0.1 -0.93112 0.5 0.5 0.5 1 0 1 0
v -0.152206 -0.1 -0.841141 0.5 0.5 0.5 1 0 1 0
v -0.152206 -0.1 -0.841141 0.5 0.5 0.5 1 0 1 0
v -0.165939 -0.1 -0.750589 0.5 0.5 0.5 1 0 1 0
v -0.212479 -0.1 -0.652647 0.5 0.5 0.5 1 0 1 0
v -0.212479 -0.1 -0.652647 0.5 0.5 0.5 1 0 1 0
v -0.307465 -0.1 -0.485468 0.5 0.5 0.5 1 0 1 0
v -0.41275 -0.1 -0.370741 0.5 0.5 0.5 1 0 1 0
v -0.495148 -0.1 -0.266075 0.5 0.5 0.5 1 0 1 0
v -0.580978 -0.1 -0.100183 0.5 0.5 0.5 1 0 1 0
v -0.61264 -0.1 -0.0608444 0.5 0.5 0.5 1 0 1 0
v -0.152206 -0.1 -0.841141 0.5 0.5 0.5 1 0 1 0
v -0.212479 -0.1 -0.652647 0.5 0.5 0.5 1 0 1 0
v -0.41275 -0.1 -0.370741 0.5 0.5 0.5 1 0 1 0
v -0.495148 -0.1 -0.266075 0.5 0.5 0.5 1 0 1 0
v -0.61264 -0.1 -0.0608444 0.5 0.5 0.5 1 0 1 0
v -0.642395 -0.1 -0.0311375 0.5 0.5 0.5 1 0 1 0
v -0.152206 -0.1 -0.841141 0.5 0.5 0.5 1 0 1 0
v -0.41275 -0.1 -0.370741 0.5 0.5 0.5 1 0 1 0
v -0.495148 -0.1 -0.266075 0.5 0.5 0.5 1 0 1 0
v -0.495148 -0.1 -0.266075 0.5 0.5 0.5 1 0 1 0
v -0.642395 -0.1 -0.0311375 0.5 0.5 0.5 1 0 1 0
v -0.152206 -0.1 -0.841141 0.5 0.5 0.5 1 0 1 0
floor
v -0.0125885 -0.1998 -0.16799 0.588 0.294 0 1 0 1 0
v -0.120544 -0.1998 -0.279713 0.588 0.294 0 1 0 1 0
v -0.0282288 -0.1998 -0.306606 0.588 0.294 0 1 0 1 0
floor
v -0.123978 -0.1998 -0.308514 0 0.7 0 1 0 1 0
v -0.142288 -0.1998 -0.302744 0 0.7 0 1 0 1 0
v -0.346375 -0.1998 -0.239611 0 0.7 0 1 0 1 0
v -0.346375 -0.1998 -0.239611 0 0.7 0 1 0 1 0
v -0.347519 -0.1998 -0.246048 0 0.7 0 1 0 1 0
v -0.337601 -0.1998 -0.252676 0 0.7 0 1 0 1 0
v -0.337601 -0.1998 -0.252676 0 0.7 0 1 0 1 0
v -0.116348 -0.1998 -0.316429 0 0.7 0 1 0 1 0
v -0.110245 -0.1998 -0.314236 0 0.7 0 1 0 1 0
v -0.106812 -0.1998 -0.309944 0 0.7 0 1 0 1 0
v -0.102997 -0.1998 -0.306225 0 0.7 0 1 0 1 0
v -0.101089 -0.1998 -0.302458 0 0.7 0 1 0 1 0
v -0.0968933 -0.1998 -0.301933 0 0.7 0 1 0 1 0
v -0.0335693 -0.1998 -0.319386 0 0.7 0 1 0 1 0
v -0.0289917 -0.1998 -0.31929 0 0.7 0 1 0 1 0
v -0.0289917 -0.1998 -0.31929 0 0.7 0 1 0 1 0
v -0.0202179 -0.1998 -0.328779 0 0.7 0 1 0 1 0
v -0.0144958 -0.1998 -0.33145 0 0.7 0 1 0 1 0
v -0.0144958 -0.1998 -0.33145 0 0.7 0 1 0 1 0
v -0.0087738 -0.1998 -0.327158 0 0.7 0 1 0 1 0
v -0.00305176 -0.1998 -0.320721 0 0.7 0 1 0 1 0
v -0.123978 -0.1998 -0.308514 0 0.7 0 1 0 1 0
v -0.346375 -0.1998 -0.239611 0 0.7 0 1 0 1 0
v -0.337601 -0.1998 -0.252676 0 0.7 0 1 0 1 0
v -0.110245 -0.1998 -0.314236 0 0.7 0 1 0 1 0
v -0.106812 -0.1998 -0.309944 0 0.7 0 1 0 1 0
v -0.101089 -0.1998 -0.302458 0 0.7 0 1 0 1 0
v -0.0289917 -0.1998 -0.31929 0 0.7 0 1 0 1 0
v -0.0144958 -0.1998 -0.33145 0 0.7 0 1 0 1 0
v -0.00305176 -0.1998 -0.320721 0 0.7 0 1 0 1 0
v -0.123978 -0.1998 -0.308514 0 0.7 0 1 0 1 0
v -0.337601 -0.1998 -0.252676 0 0.7 0 1 0 1 0
v -0.110245 -0.1998 -0.314236 0 0.7 0 1 0 1 0
v -0.0968933 -0.1998 -0.301933 0 0.7 0 1 0 1 0
v -0.0289917 -0.1998 -0.31929 0 0.7 0 1 0 1 0
v -0.00305176 -0.1998 -0.320721 0 0.7 0 1 0 1 0
v -0.120544 -0.1998 -0.279713 0 0.7 0 1 0 1 0
v -0.123978 -0.1998 -0.308514 0 0.7 0 1 0 1 0
v -0.110245 -0.1998 -0.314236 0 0.7 0 1 0 1 0
v -0.120544 -0.1998 -0.279713 0 0.7 0 1 0 1 0
v -0.110245 -0.1998 -0.314236 0 0.7 0 1 0 1 0
v -0.101089 -0.1998 -0.302458 0 0.7 0 1 0 1 0
v -0.120544 -0.1998 -0.279713 0 0.7 0 1 0 1 0
v -0.101089 -0.1998 -0.302458 0 0.7 0 1 0 1 0
v -0.0968933 -0.1998 -0.301933 0 0.7 0 1 0 1 0
v -0.0282288 -0.1998 -0.306606 0 0.7 0 1 0 1 0
v -0.120544 -0.1998 -0.279713 0 0.7 0 1 0 1 0
v -0.0968933 -0.1998 -0.301933 0 0.7 0 1 0 1 0
v -0.0282288 -0.1998 -0.306606 0 0.7 0 1 0 1 0
v -0.0968933 -0.1998 -0.301933 0 0.7 0 1 0 1 0
v -0.00305176 -0.1998 -0.320721 0 0.7 0 1 0 1 0
v -0.0282288 -0.1998 -0.306606 0 0.7 0 1 0 1 0
v -0.00305176 -0.1998 -0.320721 0 0.7 0 1 0 1 0
v -0.00419617 -0.1998 -0.18096 0 0.7 0 1 0 1 0
v -0.219345 -0.1998 -0.0628948 0 0.7 0 1 0 1 0
v -0.220108 -0.1998 -0.0638485 0 0.7 0 1 0 1 0
v -0.220108 -0.1998 -0.0709057 0 0.7 0 1 0 1 0
v -0.220108 -0.1998 -0.0709057 0 0.7 0 1 0 1 0
v -0.223541 -0.1998 -0.0792027 0 0.7 0 1 0 1 0
v -0.21553 -0.1998 -0.0959873 0 0.7 0 1 0 1 0
v -0.216675 -0.1998 -0.0520706 0 0.7 0 1 0 1 0
v -0.219345 -0.1998 -0.0628948 0 0.7 0 1 0 1 0
v -0.220108 -0.1998 -0.0709057 0 0.7 0 1 0 1 0
v -0.220108 -0.1998 -0.0709057 0 0.7 0 1 0 1 0
v -0.21553 -0.1998 -0.0959873 0 0.7 0 1 0 1 0
v -0.214767 -0.1998 -0.0950336 0 0.7 0 1 0 1 0
v -0.216675 -0.1998 -0.0520706 0 0.7 0 1 0 1 0
v -0.220108 -0.1998 -0.0709057 0 0.7 0 1 0 1 0
v -0.214767 -0.1998 -0.0950336 0 0.7 0 1 0 1 0
v -0.212479 -0.1998 -0.0175476 0 0.7 0 1 0 1 0
v -0.216675 -0.1998 -0.0520706 0 0.7 0 1 0 1 0
v -0.214767 -0.1998 -0.0950336 0 0.7 0 1 0 1 0
v -0.212479 -0.1998 -0.0175476 0 0.7 0 1 0 1 0
v -0.214767 -0.1998 -0.0950336 0 0.7 0 1 0 1 0
v -0.206375 -0.1998 -0.0866413 0 0.7 0 1 0 1 0
v -0.267029 -0.1998 -0.13175 0 0.7 0 1 0 1 0
v -0.270462 -0.1998 -0.125265 0 0.7 0 1 0 1 0
v -0.272751 -0.1998 -0.133753 0 0.7 0 1 0 1 0
v -0.28801 -0.1998 -0.132656 0 0.7 0 1 0 1 0
v -0.301361 -0.1998 -0.121498 0 0.7 0 1 0 1 0
v -0.30365 -0.1998 -0.12207 0 0.7 0 1 0 1 0
v -0.30632 -0.1998 -0.12846 0 0.7 0 1 0 1 0
v -0.311279 -0.1998 -0.126696 0 0.7 0 1 0 1 0
v -0.312424 -0.1998 -0.132036 0 0.7 0 1 0 1 0
v -0.308228 -0.1998 -0.138187 0 0.7 0 1 0 1 0
v -0.308228 -0.1998 -0.143957 0 0.7 0 1 0 1 0
v -0.302124 -0.1998 -0.14801 0 0.7 0 1 0 1 0
v -0.272369 -0.1998 -0.163889 0 0.7 0 1 0 1 0
v -0.270844 -0.1998 -0.16675 0 0.7 0 1 0 1 0
v -0.267792 -0.1998 -0.150585 0 0.7 0 1 0 1 0
v -0.267029 -0.1998 -0.13175 0 0.7 0 1 0 1 0
v -0.272751 -0.1998 -0.133753 0 0.7 0 1 0 1 0
v -0.275421 -0.1998 -0.135851 0 0.7 0 1 0 1 0
v -0.28801 -0.1998 -0.132656 0 0.7 0 1 0 1 0
v -0.30365 -0.1998 -0.12207 0 0.7 0 1 0 1 0
v -0.30632 -0.1998 -0.12846 0 0.7 0 1 0 1 0
v -0.30632 -0.1998 -0.12846 0 0.7 0 1 0 1 0
v -0.312424 -0.1998 -0.132036 0 0.7 0 1 0 1 0
v -0.308228 -0.1998 -0.134802 0 0.7 0 1 0 1 0
v -0.308228 -0.1998 -0.134802 0 0.7 0 1 0 1 0
v -0.308228 -0.1998 -0.138187 0 0.7 0 1 0 1 0
v -0.302124 -0.1998 -0.14801 0 0.7 0 1 0 1 0
v -0.275421 -0.1998 -0.160503 0 0.7 0 1 0 1 0
v -0.272369 -0.1998 -0.163889 0 0.7 0 1 0 1 0
v -0.267792 -0.1998 -0.150585 0 0.7 0 1 0 1 0
v -0.279617 -0.1998 -0.136995 0 0.7 0 1 0 1 0
v -0.28801 -0.1998 -0.132656 0 0.7 0 1 0 1 0
v -0.30632 -0.1998 -0.12846 0 0.7 0 1 0 1 0
v -0.30632 -0.1998 -0.12846 0 0.7 0 1 0 1 0
v -0.308228 -0.1998 -0.134802 0 0.7 0 1 0 1 0
v -0.302124 -0.1998 -0.14801 0 0.7 0 1 0 1 0
v -0.279617 -0.1998 -0.15769 0 0.7 0 1 0 1 0
v -0.275421 -0.1998 -0.160503 0 0.7 0 1 0 1 0
v -0.267792 -0.1998 -0.150585 0 0.7 0 1 0 1 0
v -0.279617 -0.1998 -0.136995 0 0.7 0 1 0 1 0
v -0.30632 -0.1998 -0.12846 0 0.7 0 1 0 1 0
v -0.302124 -0.1998 -0.14801 0 0.7 0 1 0 1 0
v -0.29068 -0.1998 -0.150871 0 0.7 0 1 0 1 0
v -0.279617 -0.1998 -0.15769 0 0.7 0 1 0 1 0
v -0.267792 -0.1998 -0.150585 0 0.7 0 1 0 1 0
v -0.275421 -0.1998 -0.135851 0 0.7 0 1 0 1 0
v -0.279617 -0.1998 -0.136995 0 0.7 0 1 0 1 0
v -0.302124 -0.1998 -0.14801 0 0.7 0 1 0 1 0
v -0.302124 -0.1998 -0.14801 0 0.7 0 1 0 1 0
v -0.29068 -0.1998 -0.150871 0 0.7 0 1 0 1 0
v -0.267792 -0.1998 -0.150585 0 0.7 0 1 0 1 0
v -0.275421 -0.1998 -0.135851 0 0.7 0 1 0 1 0
v -0.302124 -0.1998 -0.14801 0 0.7 0 1 0 1 0
v -0.267792 -0.1998 -0.150585 0 0.7 0 1 0 1 0
v -0.267029 -0.1998 -0.13175 0 0.7 0 1 0 1 0
v -0.275421 -0.1998 -0.135851 0 0.7 0 1 0 1 0
v -0.267792 -0.1998 -0.150585 0 0.7 0 1 0 1 0
v -0.22049 -0.1998 -0.107956 0 0.7 0 1 0 1 0
v -0.224686 -0.1998 -0.115585 0 0.7 0 1 0 1 0
v -0.226974 -0.1998 -0.122738 0 0.7 0 1 0 1 0
v -0.226974 -0.1998 -0.122738 0 0.7 0 1 0 1 0
v -0.227356 -0.1998 -0.128174 0 0.7 0 1 0 1 0
v -0.227356 -0.1998 -0.137854 0 0.7 0 1 0 1 0
v -0.227356 -0.1998 -0.137854 0 0.7 0 1 0 1 0
v -0.225449 -0.1998 -0.145769 0 0.7 0 1 0 1 0
v -0.222778 -0.1998 -0.151014 0 0.7 0 1 0 1 0
v -0.222778 -0.1998 -0.151014 0 0.7 0 1 0 1 0
v -0.217819 -0.1998 -0.158978 0 0.7 0 1 0 1 0
v -0.213623 -0.1998 -0.161505 0 0.7 0 1 0 1 0
v -0.213623 -0.1998 -0.161505 0 0.7 0 1 0 1 0
v -0.208282 -0.1998 -0.161791 0 0.7 0 1 0 1 0
v -0.204468 -0.1998 -0.160503 0 0.7 0 1 0 1 0
v -0.204468 -0.1998 -0.160503 0 0.7 0 1 0 1 0
v -0.19989 -0.1998 -0.157881 0 0.7 0 1 0 1 0
v -0.196457 -0.1998 -0.153637 0 0.7 0 1 0 1 0
v -0.196457 -0.1998 -0.153637 0 0.7 0 1 0 1 0
v -0.193405 -0.1998 -0.142813 0 0.7 0 1 0 1 0
v -0.192261 -0.1998 -0.133801 0 0.7 0 1 0 1 0
v -0.192261 -0.1998 -0.133801 0 0.7 0 1 0 1 0
v -0.192642 -0.1998 -0.126839 0 0.7 0 1 0 1 0
v -0.195312 -0.1998 -0.113916 0 0.7 0 1 0 1 0
v -0.195312 -0.1998 -0.113916 0 0.7 0 1 0 1 0
v -0.198364 -0.1998 -0.101233 0 0.7 0 1 0 1 0
v -0.201416 -0.1998 -0.0946522 0 0.7 0 1 0 1 0
v -0.201416 -0.1998 -0.0946522 0 0.7 0 1 0 1 0
v -0.203323 -0.1998 -0.0910282 0 0.7 0 1 0 1 0
v -0.205994 -0.1998 -0.0909805 0 0.7 0 1 0 1 0
v -0.22049 -0.1998 -0.107956 0 0.7 0 1 0 1 0
v -0.226974 -0.1998 -0.122738 0 0.7 0 1 0 1 0
v -0.227356 -0.1998 -0.137854 0 0.7 0 1 0 1 0
v -0.227356 -0.1998 -0.137854 0 0.7 0 1 0 1 0
v -0.222778 -0.1998 -0.151014 0 0.7 0 1 0 1 0
v -0.213623 -0.1998 -0.161505 0 0.7 0 1 0 1 0
v -0.213623 -0.1998 -0.161505 0 0.7 0 1 0 1 0
v -0.204468 -0.1998 -0.160503 0 0.7 0 1 0 1 0
v -0.196457 -0.1998 -0.153637 0 0.7 0 1 0 1 0
v -0.196457 -0.1998 -0.153637 0 0.7 0 1 0 1 0
v -0.192261 -0.1998 -0.133801 0 0.7 0 1 0 1 0
v -0.195312 -0.1998 -0.113916 0 0.7 0 1 0 1 0
v -0.195312 -0.1998 -0.113916 0 0.7 0 1 0 1 0
v -0.201416 -0.1998 -0.0946522 0 0.7 0 1 0 1 0
v -0.205994 -0.1998 -0.0909805 0 0.7 0 1 0 1 0
v -0.22049 -0.1998 -0.107956 0 0.7 0 1 0 1 0
v -0.227356 -0.1998 -0.137854 0 0.7 0 1 0 1 0
v -0.213623 -0.1998 -0.161505 0 0.7 0 1 0 1 0
v -0.213623 -0.1998 -0.161505 0 0.7 0 1 0 1 0
v -0.196457 -0.1998 -0.153637 0 0.7 0 1 0 1 0
v -0.195312 -0.1998 -0.113916 0 0.7 0 1 0 1 0
v -0.195312 -0.1998 -0.113916 0 0.7 0 1 0 1 0
v -0.205994 -0.1998 -0.0909805 0 0.7 0 1 0 1 0
v -0.213242 -0.1998 -0.0983238 0 0.7 0 1 0 1 0
v -0.22049 -0.1998 -0.107956 0 0.7 0 1 0 1 0
v -0.213623 -0.1998 -0.161505 0 0.7 0 1 0 1 0
v -0.195312 -0.1998 -0.113916 0 0.7 0 1 0 1 0
v -0.22049 -0.1998 -0.107956 0 0.7 0 1 0 1 0
v -0.195312 -0.1998 -0.113916 0 0.7 0 1 0 1 0
v -0.213242 -0.1998 -0.0983238 0 0.7 0 1 0 1 0
v -0.187302 -0.1998 -0.158834 0 0.7 0 1 0 1 0
v -0.196838 -0.1998 -0.159264 0 0.7 0 1 0 1 0
v -0.198746 -0.1998 -0.161505 0 0.7 0 1 0 1 0
v -0.222397 -0.1998 -0.105047 0 0.7 0 1 0 1 0
v -0.220871 -0.1998 -0.102997 0 0.7 0 1 0 1 0
v -0.226974 -0.1998 -0.093174 0 0.7 0 1 0 1 0
v -0.226974 -0.1998 -0.093174 0 0.7 0 1 0 1 0
v -0.230408 -0.1998 -0.0937462 0 0.7 0 1 0 1 0
v -0.236511 -0.1998 -0.0967026 0 0.7 0 1 0 1 0
v -0.236511 -0.1998 -0.0967026 0 0.7 0 1 0 1 0
v -0.238037 -0.1998 -0.100946 0 0.7 0 1 0 1 0
v -0.239944 -0.1998 -0.10705 0 0.7 0 1 0 1 0
v -0.239944 -0.1998 -0.10705 0 0.7 0 1 0 1 0
v -0.239563 -0.1998 -0.114393 0 0.7 0 1 0 1 0
v -0.238419 -0.1998 -0.122929 0 0.7 0 1 0 1 0
v -0.238419 -0.1998 -0.148582 0 0.7 0 1 0 1 0
v -0.244904 -0.1998 -0.163794 0 0.7 0 1 0 1 0
v -0.242996 -0.1998 -0.173569 0 0.7 0 1 0 1 0
v -0.226593 -0.1998 -0.183964 0 0.7 0 1 0 1 0
v -0.224686 -0.1998 -0.208044 0 0.7 0 1 0 1 0
v -0.213623 -0.1998 -0.208139 0 0.7 0 1 0 1 0
v -0.213623 -0.1998 -0.208139 0 0.7 0 1 0 1 0
v -0.207138 -0.1998 -0.205183 0 0.7 0 1 0 1 0
v -0.202942 -0.1998 -0.198555 0 0.7 0 1 0 1 0
v -0.202942 -0.1998 -0.189924 0 0.7 0 1 0 1 0
v -0.192261 -0.1998 -0.178051 0 0.7 0 1 0 1 0
v -0.187683 -0.1998 -0.169563 0 0.7 0 1 0 1 0
v -0.187302 -0.1998 -0.158834 0 0.7 0 1 0 1 0
v -0.198746 -0.1998 -0.161505 0 0.7 0 1 0 1 0
v -0.203705 -0.1998 -0.16427 0 0.7 0 1 0 1 0
v -0.226593 -0.1998 -0.113249 0 0.7 0 1 0 1 0
v -0.222397 -0.1998 -0.105047 0 0.7 0 1 0 1 0
v -0.226974 -0.1998 -0.093174 0 0.7 0 1 0 1 0
v -0.226974 -0.1998 -0.093174 0 0.7 0 1 0 1 0
v -0.236511 -0.1998 -0.0967026 0 0.7 0 1 0 1 0
v -0.239944 -0.1998 -0.10705 0 0.7 0 1 0 1 0
v -0.238419 -0.1998 -0.148582 0 0.7 0 1 0 1 0
v -0.242996 -0.1998 -0.173569 0 0.7 0 1 0 1 0
v -0.228882 -0.1998 -0.179052 0 0.7 0 1 0 1 0
v -0.228882 -0.1998 -0.179052 0 0.7 0 1 0 1 0
v -0.226593 -0.1998 -0.183964 0 0.7 0 1 0 1 0
v -0.213623 -0.1998 -0.208139 0 0.7 0 1 0 1 0
v -0.213623 -0.1998 -0.208139 0 0.7 0 1 0 1 0
v -0.202942 -0.1998 -0.198555 0 0.7 0 1 0 1 0
v -0.202942 -0.1998 -0.189924 0 0.7 0 1 0 1 0
v -0.187302 -0.1998 -0.158834 0 0.7 0 1 0 1 0
v -0.203705 -0.1998 -0.16427 0 0.7 0 1 0 1 0
v -0.208282 -0.1998 -0.165892 0 0.7 0 1 0 1 0
v -0.229645 -0.1998 -0.12145 0 0.7 0 1 0 1 0
v -0.226593 -0.1998 -0.113249 0 0.7 0 1 0 1 0
v -0.226974 -0.1998 -0.093174 0 0.7 0 1 0 1 0
v -0.226974 -0.1998 -0.093174 0 0.7 0 1 0 1 0
v -0.239944 -0.1998 -0.10705 0 0.7 0 1 0 1 0
v -0.238419 -0.1998 -0.122929 0 0.7 0 1 0 1 0
v -0.237656 -0.1998 -0.133324 0 0.7 0 1 0 1 0
v -0.238419 -0.1998 -0.148582 0 0.7 0 1 0 1 0
v -0.228882 -0.1998 -0.179052 0 0.7 0 1 0 1 0
v -0.228882 -0.1998 -0.179052 0 0.7 0 1 0 1 0
v -0.213623 -0.1998 -0.208139 0 0.7 0 1 0 1 0
v -0.202942 -0.1998 -0.189924 0 0.7 0 1 0 1 0
v -0.229645 -0.1998 -0.12145 0 0.7 0 1 0 1 0
v -0.226974 -0.1998 -0.093174 0 0.7 0 1 0 1 0
v -0.238419 -0.1998 -0.122929 0 0.7 0 1 0 1 0
v -0.238419 -0.1998 -0.122929 0 0.7 0 1 0 1 0
v -0.237656 -0.1998 -0.133324 0 0.7 0 1 0 1 0
v -0.228882 -0.1998 -0.179052 0 0.7 0 1 0 1 0
v -0.228882 -0.1998 -0.179052 0 0.7 0 1 0 1 0
v -0.202942 -0.1998 -0.189924 0 0.7 0 1 0 1 0
v -0.187683 -0.1998 -0.169563 0 0.7 0 1 0 1 0
v -0.230026 -0.1998 -0.127983 0 0.7 0 1 0 1 0
v -0.229645 -0.1998 -0.12145 0 0.7 0 1 0 1 0
v -0.238419 -0.1998 -0.122929 0 0.7 0 1 0 1 0
v -0.229645 -0.1998 -0.138664 0 0.7 0 1 0 1 0
v -0.230026 -0.1998 -0.127983 0 0.7 0 1 0 1 0
v -0.238419 -0.1998 -0.122929 0 0.7 0 1 0 1 0
v -0.227737 -0.1998 -0.14782 0 0.7 0 1 0 1 0
v -0.229645 -0.1998 -0.138664 0 0.7 0 1 0 1 0
v -0.238419 -0.1998 -0.122929 0 0.7 0 1 0 1 0
v -0.227737 -0.1998 -0.14782 0 0.7 0 1 0 1 0
v -0.238419 -0.1998 -0.122929 0 0.7 0 1 0 1 0
v -0.228882 -0.1998 -0.179052 0 0.7 0 1 0 1 0
v -0.224686 -0.1998 -0.15378 0 0.7 0 1 0 1 0
v -0.227737 -0.1998 -0.14782 0 0.7 0 1 0 1 0
v -0.228882 -0.1998 -0.179052 0 0.7 0 1 0 1 0
v -0.218964 -0.1998 -0.162458 0 0.7 0 1 0 1 0
v -0.224686 -0.1998 -0.15378 0 0.7 0 1 0 1 0
v -0.228882 -0.1998 -0.179052 0 0.7 0 1 0 1 0
v -0.214386 -0.1998 -0.165558 0 0.7 0 1 0 1 0
v -0.218964 -0.1998 -0.162458 0 0.7 0 1 0 1 0
v -0.228882 -0.1998 -0.179052 0 0.7 0 1 0 1 0
v -0.208282 -0.1998 -0.165892 0 0.7 0 1 0 1 0
v -0.214386 -0.1998 -0.165558 0 0.7 0 1 0 1 0
v -0.228882 -0.1998 -0.179052 0 0.7 0 1 0 1 0
v -0.187302 -0.1998 -0.158834 0 0.7 0 1 0 1 0
v -0.208282 -0.1998 -0.165892 0 0.7 0 1 0 1 0
v -0.228882 -0.1998 -0.179052 0 0.7 0 1 0 1 0
v -0.187302 -0.1998 -0.158834 0 0.7 0 1 0 1 0
v -0.228882 -0.1998 -0.179052 0 0.7 0 1 0 1 0
v -0.187683 -0.1998 -0.169563 0 0.7 0 1 0 1 0
v -0.420761 -0.1998 -0.352192 0 0.7 0 1 0 1 0
v -0.408936 -0.1998 -0.367165 0 0.7 0 1 0 1 0
v -0.402832 -0.1998 -0.356674 0 0.7 0 1 0 1 0
v -0.473785 -0.1998 -0.274706 0 0.7 0 1 0 1 0
v -0.494003 -0.1998 -0.244045 0 0.7 0 1 0 1 0
v -0.496292 -0.1998 -0.248146 0 0.7 0 1 0 1 0
v -0.511932 -0.1998 -0.256014 0 0.7 0 1 0 1 0
v -0.523376 -0.1998 -0.248814 0 0.7 0 1 0 1 0
v -0.524139 -0.1998 -0.254393 0 0.7 0 1 0 1 0
v -0.527191 -0.1998 -0.276661 0 0.7 0 1 0 1 0
v -0.532532 -0.1998 -0.296211 0 0.7 0 1 0 1 0
v -0.539017 -0.1998 -0.33102 0 0.7 0 1 0 1 0
v -0.517273 -0.1998 -0.347471 0 0.7 0 1 0 1 0
v -0.51651 -0.1998 -0.348759 0 0.7 0 1 0 1 0
v -0.514603 -0.1998 -0.349951 0 0.7 0 1 0 1 0
v -0.514603 -0.1998 -0.349951 0 0.7 0 1 0 1 0
v -0.512695 -0.1998 -0.351095 0 0.7 0 1 0 1 0
v -0.505447 -0.1998 -0.35429 0 0.7 0 1 0 1 0
v -0.505447 -0.1998 -0.35429 0 0.7 0 1 0 1 0
v -0.495911 -0.1998 -0.357103 0 0.7 0 1 0 1 0
v -0.492859 -0.1998 -0.35758 0 0.7 0 1 0 1 0
v -0.492859 -0.1998 -0.35758 0 0.7 0 1 0 1 0
v -0.491333 -0.1998 -0.354099 0 0.7 0 1 0 1 0
v -0.479126 -0.1998 -0.323105 0 0.7 0 1 0 1 0
v -0.461578 -0.1998 -0.326014 0 0.7 0 1 0 1 0
v -0.46463 -0.1998 -0.322914 0 0.7 0 1 0 1 0
v -0.467682 -0.1998 -0.322485 0 0.7 0 1 0 1 0
v -0.467682 -0.1998 -0.322485 0 0.7 0 1 0 1 0
v -0.473404 -0.1998 -0.328541 0 0.7 0 1 0 1 0
v -0.4776 -0.1998 -0.345421 0 0.7 0 1 0 1 0
v -0.482941 -0.1998 -0.357294 0 0.7 0 1 0 1 0
v -0.487518 -0.1998 -0.363016 0 0.7 0 1 0 1 0
v -0.489426 -0.1998 -0.366831 0 0.7 0 1 0 1 0
v -0.512695 -0.1998 -0.363445 0 0.7 0 1 0 1 0
v -0.514984 -0.1998 -0.362253 0 0.7 0 1 0 1 0
v -0.51651 -0.1998 -0.369215 0 0.7 0 1 0 1 0
v -0.51651 -0.1998 -0.369215 0 0.7 0 1 0 1 0
v -0.501251 -0.1998 -0.37508 0 0.7 0 1 0 1 0
v -0.494003 -0.1998 -0.373316 0 0.7 0 1 0 1 0
v -0.489807 -0.1998 -0.370359 0 0.7 0 1 0 1 0
v -0.485992 -0.1998 -0.368071 0 0.7 0 1 0 1 0
v -0.481415 -0.1998 -0.360632 0 0.7 0 1 0 1 0
v -0.465393 -0.1998 -0.33021 0 0.7 0 1 0 1 0
v -0.456619 -0.1998 -0.327921 0 0.7 0 1 0 1 0
v -0.450134 -0.1998 -0.322676 0 0.7 0 1 0 1 0
v -0.420761 -0.1998 -0.352192 0 0.7 0 1 0 1 0
v -0.402832 -0.1998 -0.356674 0 0.7 0 1 0 1 0
v -0.421906 -0.1998 -0.336742 0 0.7 0 1 0 1 0
v -0.455475 -0.1998 -0.298119 0 0.7 0 1 0 1 0
v -0.473785 -0.1998 -0.274706 0 0.7 0 1 0 1 0
v -0.496292 -0.1998 -0.248146 0 0.7 0 1 0 1 0
v -0.511932 -0.1998 -0.256014 0 0.7 0 1 0 1 0
v -0.524139 -0.1998 -0.254393 0 0.7 0 1 0 1 0
v -0.527191 -0.1998 -0.276661 0 0.7 0 1 0 1 0
v -0.527191 -0.1998 -0.276661 0 0.7 0 1 0 1 0
v -0.539017 -0.1998 -0.33102 0 0.7 0 1 0 1 0
v -0.531769 -0.1998 -0.332785 0 0.7 0 1 0 1 0
v -0.519562 -0.1998 -0.344133 0 0.7 0 1 0 1 0
v -0.517273 -0.1998 -0.347471 0 0.7 0 1 0 1 0
v -0.514603 -0.1998 -0.349951 0 0.7 0 1 0 1 0
v -0.514603 -0.1998 -0.349951 0 0.7 0 1 0 1 0
v -0.505447 -0.1998 -0.35429 0 0.7 0 1 0 1 0
v -0.492859 -0.1998 -0.35758 0 0.7 0 1 0 1 0
v -0.492859 -0.1998 -0.35758 0 0.7 0 1 0 1 0
v -0.479126 -0.1998 -0.323105 0 0.7 0 1 0 1 0
v -0.47493 -0.1998 -0.311232 0 0.7 0 1 0 1 0
v -0.495911 -0.1998 -0.368309 0 0.7 0 1 0 1 0
v -0.512695 -0.1998 -0.363445 0 0.7 0 1 0 1 0
v -0.51651 -0.1998 -0.369215 0 0.7 0 1 0 1 0
v -0.51651 -0.1998 -0.369215 0 0.7 0 1 0 1 0
v -0.494003 -0.1998 -0.373316 0 0.7 0 1 0 1 0
v -0.489807 -0.1998 -0.370359 0 0.7 0 1 0 1 0
v -0.489807 -0.1998 -0.370359 0 0.7 0 1 0 1 0
v -0.481415 -0.1998 -0.360632 0 0.7 0 1 0 1 0
v -0.47493 -0.1998 -0.343847 0 0.7 0 1 0 1 0
v -0.420761 -0.1998 -0.352192 0 0.7 0 1 0 1 0
v -0.421906 -0.1998 -0.336742 0 0.7 0 1 0 1 0
v -0.437927 -0.1998 -0.318861 0 0.7 0 1 0 1 0
v -0.455475 -0.1998 -0.298119 0 0.7 0 1 0 1 0
v -0.496292 -0.1998 -0.248146 0 0.7 0 1 0 1 0
v -0.499725 -0.1998 -0.253248 0 0.7 0 1 0 1 0
v -0.507355 -0.1998 -0.256062 0 0.7 0 1 0 1 0
v -0.511932 -0.1998 -0.256014 0 0.7 0 1 0 1 0
v -0.527191 -0.1998 -0.276661 0 0.7 0 1 0 1 0
v -0.527191 -0.1998 -0.276661 0 0.7 0 1 0 1 0
v -0.531769 -0.1998 -0.332785 0 0.7 0 1 0 1 0
v -0.524902 -0.1998 -0.337124 0 0.7 0 1 0 1 0
v -0.524902 -0.1998 -0.337124 0 0.7 0 1 0 1 0
v -0.519562 -0.1998 -0.344133 0 0.7 0 1 0 1 0
v -0.514603 -0.1998 -0.349951 0 0.7 0 1 0 1 0
v -0.514603 -0.1998 -0.349951 0 0.7 0 1 0 1 0
v -0.492859 -0.1998 -0.35758 0 0.7 0 1 0 1 0
v -0.47493 -0.1998 -0.311232 0 0.7 0 1 0 1 0
v -0.495911 -0.1998 -0.368309 0 0.7 0 1 0 1 0
v -0.51651 -0.1998 -0.369215 0 0.7 0 1 0 1 0
v -0.489807 -0.1998 -0.370359 0 0.7 0 1 0 1 0
v -0.489807 -0.1998 -0.370359 0 0.7 0 1 0 1 0
v -0.47493 -0.1998 -0.343847 0 0.7 0 1 0 1 0
v -0.470734 -0.1998 -0.33493 0 0.7 0 1 0 1 0
v -0.420761 -0.1998 -0.352192 0 0.7 0 1 0 1 0
v -0.437927 -0.1998 -0.318861 0 0.7 0 1 0 1 0
v -0.455475 -0.1998 -0.298119 0 0.7 0 1 0 1 0
v -0.455475 -0.1998 -0.298119 0 0.7 0 1 0 1 0
v -0.499725 -0.1998 -0.253248 0 0.7 0 1 0 1 0
v -0.507355 -0.1998 -0.256062 0 0.7 0 1 0 1 0
v -0.507355 -0.1998 -0.256062 0 0.7 0 1 0 1 0
v -0.527191 -0.1998 -0.276661 0 0.7 0 1 0 1 0
v -0.524902 -0.1998 -0.337124 0 0.7 0 1 0 1 0
v -0.524902 -0.1998 -0.337124 0 0.7 0 1 0 1 0
v -0.514603 -0.1998 -0.349951 0 0.7 0 1 0 1 0
v -0.47493 -0.1998 -0.311232 0 0.7 0 1 0 1 0
v -0.489426 -0.1998 -0.366831 0 0.7 0 1 0 1 0
v -0.495911 -0.1998 -0.368309 0 0.7 0 1 0 1 0
v -0.489807 -0.1998 -0.370359 0 0.7 0 1 0 1 0
v -0.507355 -0.1998 -0.256062 0 0.7 0 1 0 1 0
v -0.524902 -0.1998 -0.337124 0 0.7 0 1 0 1 0
v -0.47493 -0.1998 -0.311232 0 0.7 0 1 0 1 0
v -0.482941 -0.1998 -0.357294 0 0.7 0 1 0 1 0
v -0.489426 -0.1998 -0.366831 0 0.7 0 1 0 1 0
v -0.489807 -0.1998 -0.370359 0 0.7 0 1 0 1 0
v -0.507355 -0.1998 -0.256062 0 0.7 0 1 0 1 0
v -0.47493 -0.1998 -0.311232 0 0.7 0 1 0 1 0
v -0.469971 -0.1998 -0.305891 0 0.7 0 1 0 1 0
v -0.482941 -0.1998 -0.357294 0 0.7 0 1 0 1 0
v -0.489807 -0.1998 -0.370359 0 0.7 0 1 0 1 0
v -0.470734 -0.1998 -0.33493 0 0.7 0 1 0 1 0
v -0.455475 -0.1998 -0.298119 0 0.7 0 1 0 1 0
v -0.507355 -0.1998 -0.256062 0 0.7 0 1 0 1 0
v -0.469971 -0.1998 -0.305891 0 0.7 0 1 0 1 0
v -0.4776 -0.1998 -0.345421 0 0.7 0 1 0 1 0
v -0.482941 -0.1998 -0.357294 0 0.7 0 1 0 1 0
v -0.470734 -0.1998 -0.33493 0 0.7 0 1 0 1 0
v -0.455475 -0.1998 -0.298119 0 0.7 0 1 0 1 0
v -0.469971 -0.1998 -0.305891 0 0.7 0 1 0 1 0
v -0.464249 -0.1998 -0.307131 0 0.7 0 1 0 1 0
v -0.467682 -0.1998 -0.322485 0 0.7 0 1 0 1 0
v -0.4776 -0.1998 -0.345421 0 0.7 0 1 0 1 0
v -0.470734 -0.1998 -0.33493 0 0.7 0 1 0 1 0
v -0.455475 -0.1998 -0.298119 0 0.7 0 1 0 1 0
v -0.464249 -0.1998 -0.307131 0 0.7 0 1 0 1 0
v -0.459671 -0.1998 -0.314903 0 0.7 0 1 0 1 0
v -0.461578 -0.1998 -0.326014 0 0.7 0 1 0 1 0
v -0.467682 -0.1998 -0.322485 0 0.7 0 1 0 1 0
v -0.470734 -0.1998 -0.33493 0 0.7 0 1 0 1 0
v -0.455475 -0.1998 -0.298119 0 0.7 0 1 0 1 0
v -0.459671 -0.1998 -0.314903 0 0.7 0 1 0 1 0
v -0.457001 -0.1998 -0.321484 0 0.7 0 1 0 1 0
v -0.461578 -0.1998 -0.326014 0 0.7 0 1 0 1 0
v -0.470734 -0.1998 -0.33493 0 0.7 0 1 0 1 0
v -0.465393 -0.1998 -0.33021 0 0.7 0 1 0 1 0
v -0.457764 -0.1998 -0.324917 0 0.7 0 1 0 1 0
v -0.461578 -0.1998 -0.326014 0 0.7 0 1 0 1 0
v -0.465393 -0.1998 -0.33021 0 0.7 0 1 0 1 0
v -0.457764 -0.1998 -0.324917 0 0.7 0 1 0 1 0
v -0.465393 -0.1998 -0.33021 0 0.7 0 1 0 1 0
v -0.450134 -0.1998 -0.322676 0 0.7 0 1 0 1 0
v -0.457001 -0.1998 -0.321484 0 0.7 0 1 0 1 0
v -0.457764 -0.1998 -0.324917 0 0.7 0 1 0 1 0
v -0.450134 -0.1998 -0.322676 0 0.7 0 1 0 1 0
v -0.455475 -0.1998 -0.298119 0 0.7 0 1 0 1 0
v -0.457001 -0.1998 -0.321484 0 0.7 0 1 0 1 0
v -0.450134 -0.1998 -0.322676 0 0.7 0 1 0 1 0
v -0.455475 -0.1998 -0.298119 0 0.7 0 1 0 1 0
v -0.450134 -0.1998 -0.322676 0 0.7 0 1 0 1 0
v -0.440598 -0.1998 -0.328922 0 0.7 0 1 0 1 0
v -0.577545 -0.1998 -0.335884 0 0.7 0 1 0 1 0
v -0.605392 -0.1998 -0.421906 0 0.7 0 1 0 1 0
v -0.537872 -0.1998 -0.445032 0 0.7 0 1 0 1 0
v -0.537872 -0.1998 -0.445032 0 0.7 0 1 0 1 0
v -0.519943 -0.1998 -0.359678 0 0.7 0 1 0 1 0
v -0.521469 -0.1998 -0.358725 0 0.7 0 1 0 1 0
v -0.521469 -0.1998 -0.358725 0 0.7 0 1 0 1 0
v -0.525284 -0.1998 -0.352144 0 0.7 0 1 0 1 0
v -0.530624 -0.1998 -0.346661 0 0.7 0 1 0 1 0
v -0.561142 -0.1998 -0.318956 0 0.7 0 1 0 1 0
v -0.551987 -0.1998 -0.325584 0 0.7 0 1 0 1 0
v -0.543213 -0.1998 -0.329971 0 0.7 0 1 0 1 0
v -0.543213 -0.1998 -0.329971 0 0.7 0 1 0 1 0
v -0.539017 -0.1998 -0.33102 0 0.7 0 1 0 1 0
v -0.532532 -0.1998 -0.296211 0 0.7 0 1 0 1 0
v -0.532532 -0.1998 -0.296211 0 0.7 0 1 0 1 0
v -0.527191 -0.1998 -0.276661 0 0.7 0 1 0 1 0
v -0.524139 -0.1998 -0.254393 0 0.7 0 1 0 1 0
v -0.524139 -0.1998 -0.254393 0 0.7 0 1 0 1 0
v -0.523376 -0.1998 -0.248814 0 0.7 0 1 0 1 0
v -0.53215 -0.1998 -0.242424 0 0.7 0 1 0 1 0
v -0.544739 -0.1998 -0.232029 0 0.7 0 1 0 1 0
v -0.544739 -0.1998 -0.213194 0 0.7 0 1 0 1 0
v -0.551224 -0.1998 -0.191307 0 0.7 0 1 0 1 0
v -0.577545 -0.1998 -0.335884 0 0.7 0 1 0 1 0
v -0.537872 -0.1998 -0.445032 0 0.7 0 1 0 1 0
v -0.521469 -0.1998 -0.358725 0 0.7 0 1 0 1 0
v -0.521469 -0.1998 -0.358725 0 0.7 0 1 0 1 0
v -0.530624 -0.1998 -0.346661 0 0.7 0 1 0 1 0
v -0.543213 -0.1998 -0.341511 0 0.7 0 1 0 1 0
v -0.561142 -0.1998 -0.318956 0 0.7 0 1 0 1 0
v -0.543213 -0.1998 -0.329971 0 0.7 0 1 0 1 0
v -0.532532 -0.1998 -0.296211 0 0.7 0 1 0 1 0
v -0.532532 -0.1998 -0.296211 0 0.7 0 1 0 1 0
v -0.524139 -0.1998 -0.254393 0 0.7 0 1 0 1 0
v -0.53215 -0.1998 -0.242424 0 0.7 0 1 0 1 0
v -0.544739 -0.1998 -0.232029 0 0.7 0 1 0 1 0
v -0.551224 -0.1998 -0.191307 0 0.7 0 1 0 1 0
v -0.574493 -0.1998 -0.139666 0 0.7 0 1 0 1 0
v -0.577545 -0.1998 -0.335884 0 0.7 0 1 0 1 0
v -0.521469 -0.1998 -0.358725 0 0.7 0 1 0 1 0
v -0.543213 -0.1998 -0.341511 0 0.7 0 1 0 1 0
v -0.563812 -0.1998 -0.319672 0 0.7 0 1 0 1 0
v -0.561142 -0.1998 -0.318956 0 0.7 0 1 0 1 0
v -0.532532 -0.1998 -0.296211 0 0.7 0 1 0 1 0
v -0.532532 -0.1998 -0.296211 0 0.7 0 1 0 1 0
v -0.53215 -0.1998 -0.242424 0 0.7 0 1 0 1 0
v -0.544739 -0.1998 -0.232029 0 0.7 0 1 0 1 0
v -0.577545 -0.1998 -0.335884 0 0.7 0 1 0 1 0
v -0.543213 -0.1998 -0.341511 0 0.7 0 1 0 1 0
v -0.563812 -0.1998 -0.328922 0 0.7 0 1 0 1 0
v -0.563812 -0.1998 -0.319672 0 0.7 0 1 0 1 0
v -0.532532 -0.1998 -0.296211 0 0.7 0 1 0 1 0
v -0.544739 -0.1998 -0.232029 0 0.7 0 1 0 1 0
v -0.577545 -0.1998 -0.335884 0 0.7 0 1 0 1 0
v -0.563812 -0.1998 -0.328922 0 0.7 0 1 0 1 0
v -0.565338 -0.1998 -0.323915 0 0.7 0 1 0 1 0
v -0.565338 -0.1998 -0.323915 0 0.7 0 1 0 1 0
v -0.563812 -0.1998 -0.319672 0 0.7 0 1 0 1 0
v -0.544739 -0.1998 -0.232029 0 0.7 0 1 0 1 0
v -0.56839 -0.1998 -0.29397 0 0.7 0 1 0 1 0
v -0.577545 -0.1998 -0.335884 0 0.7 0 1 0 1 0
v -0.565338 -0.1998 -0.323915 0 0.7 0 1 0 1 0
v -0.566864 -0.1998 -0.234127 0 0.7 0 1 0 1 0
v -0.56839 -0.1998 -0.29397 0 0.7 0 1 0 1 0
v -0.565338 -0.1998 -0.323915 0 0.7 0 1 0 1 0
v -0.566864 -0.1998 -0.234127 0 0.7 0 1 0 1 0
v -0.565338 -0.1998 -0.323915 0 0.7 0 1 0 1 0
v -0.544739 -0.1998 -0.232029 0 0.7 0 1 0 1 0
v -0.566864 -0.1998 -0.234127 0 0.7 0 1 0 1 0
v -0.544739 -0.1998 -0.232029 0 0.7 0 1 0 1 0
v -0.574493 -0.1998 -0.139666 0 0.7 0 1 0 1 0
v -0.468063 -0.1998 -0.447512 0 0.7 0 1 0 1 0
v -0.460434 -0.1998 -0.450754 0 0.7 0 1 0 1 0
v -0.455475 -0.1998 -0.451183 0 0.7 0 1 0 1 0
v -0.455475 -0.1998 -0.451183 0 0.7 0 1 0 1 0
v -0.453949 -0.1998 -0.451326 0 0.7 0 1 0 1 0
v -0.448608 -0.1998 -0.449324 0 0.7 0 1 0 1 0
v -0.448608 -0.1998 -0.449324 0 0.7 0 1 0 1 0
v -0.442505 -0.1998 -0.444698 0 0.7 0 1 0 1 0
v -0.437927 -0.1998 -0.439835 0 0.7 0 1 0 1 0
v -0.437927 -0.1998 -0.439835 0 0.7 0 1 0 1 0
v -0.434875 -0.1998 -0.434113 0 0.7 0 1 0 1 0
v -0.43335 -0.1998 -0.426054 0 0.7 0 1 0 1 0
v -0.43335 -0.1998 -0.426054 0 0.7 0 1 0 1 0
v -0.432968 -0.1998 -0.416183 0 0.7 0 1 0 1 0
v -0.433731 -0.1998 -0.405741 0 0.7 0 1 0 1 0
v -0.433731 -0.1998 -0.405741 0 0.7 0 1 0 1 0
v -0.437164 -0.1998 -0.396299 0 0.7 0 1 0 1 0
v -0.441742 -0.1998 -0.389338 0 0.7 0 1 0 1 0
v -0.441742 -0.1998 -0.389338 0 0.7 0 1 0 1 0
v -0.456619 -0.1998 -0.375748 0 0.7 0 1 0 1 0
v -0.476074 -0.1998 -0.372839 0 0.7 0 1 0 1 0
v -0.476074 -0.1998 -0.372839 0 0.7 0 1 0 1 0
v -0.489807 -0.1998 -0.370359 0 0.7 0 1 0 1 0
v -0.494003 -0.1998 -0.373316 0 0.7 0 1 0 1 0
v -0.501251 -0.1998 -0.37508 0 0.7 0 1 0 1 0
v -0.51651 -0.1998 -0.369215 0 0.7 0 1 0 1 0
v -0.52948 -0.1998 -0.430202 0 0.7 0 1 0 1 0
v -0.468063 -0.1998 -0.447512 0 0.7 0 1 0 1 0
v -0.455475 -0.1998 -0.451183 0 0.7 0 1 0 1 0
v -0.448608 -0.1998 -0.449324 0 0.7 0 1 0 1 0
v -0.448608 -0.1998 -0.449324 0 0.7 0 1 0 1 0
v -0.437927 -0.1998 -0.439835 0 0.7 0 1 0 1 0
v -0.43335 -0.1998 -0.426054 0 0.7 0 1 0 1 0
v -0.43335 -0.1998 -0.426054 0 0.7 0 1 0 1 0
v -0.433731 -0.1998 -0.405741 0 0.7 0 1 0 1 0
v -0.441742 -0.1998 -0.389338 0 0.7 0 1 0 1 0
v -0.441742 -0.1998 -0.389338 0 0.7 0 1 0 1 0
v -0.476074 -0.1998 -0.372839 0 0.7 0 1 0 1 0
v -0.494003 -0.1998 -0.373316 0 0.7 0 1 0 1 0
v -0.494003 -0.1998 -0.373316 0 0.7 0 1 0 1 0
v -0.501251 -0.1998 -0.37508 0 0.7 0 1 0 1 0
v -0.52948 -0.1998 -0.430202 0 0.7 0 1 0 1 0
v -0.484848 -0.1998 -0.442839 0 0.7 0 1 0 1 0
v -0.468063 -0.1998 -0.447512 0 0.7 0 1 0 1 0
v -0.448608 -0.1998 -0.449324 0 0.7 0 1 0 1 0
v -0.448608 -0.1998 -0.449324 0 0.7 0 1 0 1 0
v -0.43335 -0.1998 -0.426054 0 0.7 0 1 0 1 0
v -0.441742 -0.1998 -0.389338 0 0.7 0 1 0 1 0
v -0.441742 -0.1998 -0.389338 0 0.7 0 1 0 1 0
v -0.494003 -0.1998 -0.373316 0 0.7 0 1 0 1 0
v -0.52948 -0.1998 -0.430202 0 0.7 0 1 0 1 0
v -0.484848 -0.1998 -0.442839 0 0.7 0 1 0 1 0
v -0.448608 -0.1998 -0.449324 0 0.7 0 1 0 1 0
v -0.441742 -0.1998 -0.389338 0 0.7 0 1 0 1 0
v -0.441742 -0.1998 -0.389338 0 0.7 0 1 0 1 0
v -0.52948 -0.1998 -0.430202 0 0.7 0 1 0 1 0
v -0.505447 -0.1998 -0.435162 0 0.7 0 1 0 1 0
v -0.484848 -0.1998 -0.442839 0 0.7 0 1 0 1 0
v -0.441742 -0.1998 -0.389338 0 0.7 0 1 0 1 0
v -0.505447 -0.1998 -0.435162 0 0.7 0 1 0 1 0
v -0.534058 -0.1998 -0.482512 0 0.7 0 1 0 1 0
v -0.536728 -0.1998 -0.486612 0 0.7 0 1 0 1 0
v -0.539017 -0.1998 -0.496292 0 0.7 0 1 0 1 0
v -0.539017 -0.1998 -0.496292 0 0.7 0 1 0 1 0
v -0.542831 -0.1998 -0.519133 0 0.7 0 1 0 1 0
v -0.443268 -0.1998 -0.554276 0 0.7 0 1 0 1 0
v -0.443268 -0.1998 -0.554276 0 0.7 0 1 0 1 0
v -0.434113 -0.1998 -0.520563 0 0.7 0 1 0 1 0
v -0.444794 -0.1998 -0.515032 0 0.7 0 1 0 1 0
v -0.534058 -0.1998 -0.482512 0 0.7 0 1 0 1 0
v -0.539017 -0.1998 -0.496292 0 0.7 0 1 0 1 0
v -0.443268 -0.1998 -0.554276 0 0.7 0 1 0 1 0
v -0.443268 -0.1998 -0.554276 0 0.7 0 1 0 1 0
v -0.444794 -0.1998 -0.515032 0 0.7 0 1 0 1 0
v -0.468445 -0.1998 -0.505161 0 0.7 0 1 0 1 0
v -0.534058 -0.1998 -0.482512 0 0.7 0 1 0 1 0
v -0.443268 -0.1998 -0.554276 0 0.7 0 1 0 1 0
v -0.468445 -0.1998 -0.505161 0 0.7 0 1 0 1 0
v -0.323105 -0.1998 -0.578785 0 0.7 0 1 0 1 0
v -0.304031 -0.1998 -0.59495 0 0.7 0 1 0 1 0
v -0.299835 -0.1998 -0.590754 0 0.7 0 1 0 1 0
v -0.279617 -0.1998 -0.591803 0 0.7 0 1 0 1 0
v -0.274277 -0.1998 -0.596809 0 0.7 0 1 0 1 0
v -0.268173 -0.1998 -0.601006 0 0.7 0 1 0 1 0
v -0.263596 -0.1998 -0.606489 0 0.7 0 1 0 1 0
v -0.259399 -0.1998 -0.613022 0 0.7 0 1 0 1 0
v -0.255585 -0.1998 -0.618792 0 0.7 0 1 0 1 0
v -0.255585 -0.1998 -0.618792 0 0.7 0 1 0 1 0
v -0.252914 -0.1998 -0.621939 0 0.7 0 1 0 1 0
v -0.251007 -0.1998 -0.622463 0 0.7 0 1 0 1 0
v -0.251007 -0.1998 -0.622463 0 0.7 0 1 0 1 0
v -0.248337 -0.1998 -0.622225 0 0.7 0 1 0 1 0
v -0.247192 -0.1998 -0.619936 0 0.7 0 1 0 1 0
v -0.247192 -0.1998 -0.619936 0 0.7 0 1 0 1 0
v -0.246429 -0.1998 -0.616837 0 0.7 0 1 0 1 0
v -0.246048 -0.1998 -0.613451 0 0.7 0 1 0 1 0
v -0.246048 -0.1998 -0.613451 0 0.7 0 1 0 1 0
v -0.247192 -0.1998 -0.611401 0 0.7 0 1 0 1 0
v -0.249863 -0.1998 -0.609541 0 0.7 0 1 0 1 0
v -0.255585 -0.1998 -0.603771 0 0.7 0 1 0 1 0
v -0.255966 -0.1998 -0.595713 0 0.7 0 1 0 1 0
v -0.256729 -0.1998 -0.587463 0 0.7 0 1 0 1 0
v -0.256729 -0.1998 -0.587463 0 0.7 0 1 0 1 0
v -0.258255 -0.1998 -0.579929 0 0.7 0 1 0 1 0
v -0.268555 -0.1998 -0.554132 0 0.7 0 1 0 1 0
v -0.264359 -0.1998 -0.538921 0 0.7 0 1 0 1 0
v -0.259399 -0.1998 -0.53792 0 0.7 0 1 0 1 0
v -0.284576 -0.1998 -0.496435 0 0.7 0 1 0 1 0
v -0.284576 -0.1998 -0.496435 0 0.7 0 1 0 1 0
v -0.303268 -0.1998 -0.470114 0 0.7 0 1 0 1 0
v -0.323105 -0.1998 -0.444412 0 0.7 0 1 0 1 0
v -0.323105 -0.1998 -0.444412 0 0.7 0 1 0 1 0
v -0.350189 -0.1998 -0.413036 0 0.7 0 1 0 1 0
v -0.356293 -0.1998 -0.425148 0 0.7 0 1 0 1 0
v -0.356293 -0.1998 -0.425148 0 0.7 0 1 0 1 0
v -0.3582 -0.1998 -0.429106 0 0.7 0 1 0 1 0
v -0.354004 -0.1998 -0.431299 0 0.7 0 1 0 1 0
v -0.340652 -0.1998 -0.454521 0 0.7 0 1 0 1 0
v -0.332642 -0.1998 -0.473547 0 0.7 0 1 0 1 0
v -0.326538 -0.1998 -0.486565 0 0.7 0 1 0 1 0
v -0.313187 -0.1998 -0.510311 0 0.7 0 1 0 1 0
v -0.310898 -0.1998 -0.517607 0 0.7 0 1 0 1 0
v -0.305939 -0.1998 -0.527239 0 0.7 0 1 0 1 0
v -0.305939 -0.1998 -0.527239 0 0.7 0 1 0 1 0
v -0.302505 -0.1998 -0.530672 0 0.7 0 1 0 1 0
v -0.294113 -0.1998 -0.531006 0 0.7 0 1 0 1 0
v -0.286484 -0.1998 -0.546646 0 0.7 0 1 0 1 0
v -0.30098 -0.1998 -0.535965 0 0.7 0 1 0 1 0
v -0.303268 -0.1998 -0.543165 0 0.7 0 1 0 1 0
v -0.303268 -0.1998 -0.543165 0 0.7 0 1 0 1 0
v -0.310516 -0.1998 -0.541925 0 0.7 0 1 0 1 0
v -0.319672 -0.1998 -0.564623 0 0.7 0 1 0 1 0
v -0.319672 -0.1998 -0.564623 0 0.7 0 1 0 1 0
v -0.368118 -0.1998 -0.473928 0 0.7 0 1 0 1 0
v -0.37117 -0.1998 -0.47822 0 0.7 0 1 0 1 0
v -0.37117 -0.1998 -0.47822 0 0.7 0 1 0 1 0
v -0.37384 -0.1998 -0.479603 0 0.7 0 1 0 1 0
v -0.344467 -0.1998 -0.542307 0 0.7 0 1 0 1 0
v -0.323105 -0.1998 -0.578785 0 0.7 0 1 0 1 0
v -0.299835 -0.1998 -0.590754 0 0.7 0 1 0 1 0
v -0.294495 -0.1998 -0.587988 0 0.7 0 1 0 1 0
v -0.263596 -0.1998 -0.606489 0 0.7 0 1 0 1 0
v -0.255585 -0.1998 -0.618792 0 0.7 0 1 0 1 0
v -0.251007 -0.1998 -0.622463 0 0.7 0 1 0 1 0
v -0.251007 -0.1998 -0.622463 0 0.7 0 1 0 1 0
v -0.247192 -0.1998 -0.619936 0 0.7 0 1 0 1 0
v -0.246048 -0.1998 -0.613451 0 0.7 0 1 0 1 0
v -0.246048 -0.1998 -0.613451 0 0.7 0 1 0 1 0
v -0.249863 -0.1998 -0.609541 0 0.7 0 1 0 1 0
v -0.252914 -0.1998 -0.608206 0 0.7 0 1 0 1 0
v -0.255585 -0.1998 -0.603771 0 0.7 0 1 0 1 0
v -0.256729 -0.1998 -0.587463 0 0.7 0 1 0 1 0
v -0.268555 -0.1998 -0.554132 0 0.7 0 1 0 1 0
v -0.267029 -0.1998 -0.541735 0 0.7 0 1 0 1 0
v -0.264359 -0.1998 -0.538921 0 0.7 0 1 0 1 0
v -0.284576 -0.1998 -0.496435 0 0.7 0 1 0 1 0
v -0.284576 -0.1998 -0.496435 0 0.7 0 1 0 1 0
v -0.323105 -0.1998 -0.444412 0 0.7 0 1 0 1 0
v -0.356293 -0.1998 -0.425148 0 0.7 0 1 0 1 0
v -0.356293 -0.1998 -0.425148 0 0.7 0 1 0 1 0
v -0.354004 -0.1998 -0.431299 0 0.7 0 1 0 1 0
v -0.347137 -0.1998 -0.440216 0 0.7 0 1 0 1 0
v -0.340652 -0.1998 -0.454521 0 0.7 0 1 0 1 0
v -0.326538 -0.1998 -0.486565 0 0.7 0 1 0 1 0
v -0.315475 -0.1998 -0.504827 0 0.7 0 1 0 1 0
v -0.315475 -0.1998 -0.504827 0 0.7 0 1 0 1 0
v -0.313187 -0.1998 -0.510311 0 0.7 0 1 0 1 0
v -0.305939 -0.1998 -0.527239 0 0.7 0 1 0 1 0
v -0.286484 -0.1998 -0.546646 0 0.7 0 1 0 1 0
v -0.303268 -0.1998 -0.543165 0 0.7 0 1 0 1 0
v -0.319672 -0.1998 -0.564623 0 0.7 0 1 0 1 0
v -0.319672 -0.1998 -0.564623 0 0.7 0 1 0 1 0
v -0.37117 -0.1998 -0.47822 0 0.7 0 1 0 1 0
v -0.344467 -0.1998 -0.542307 0 0.7 0 1 0 1 0
v -0.323105 -0.1998 -0.578785 0 0.7 0 1 0 1 0
v -0.294495 -0.1998 -0.587988 0 0.7 0 1 0 1 0
v -0.288773 -0.1998 -0.587559 0 0.7 0 1 0 1 0
v -0.263596 -0.1998 -0.606489 0 0.7 0 1 0 1 0
v -0.251007 -0.1998 -0.622463 0 0.7 0 1 0 1 0
v -0.246048 -0.1998 -0.613451 0 0.7 0 1 0 1 0
v -0.268555 -0.1998 -0.545073 0 0.7 0 1 0 1 0
v -0.267029 -0.1998 -0.541735 0 0.7 0 1 0 1 0
v -0.284576 -0.1998 -0.496435 0 0.7 0 1 0 1 0
v -0.284576 -0.1998 -0.496435 0 0.7 0 1 0 1 0
v -0.356293 -0.1998 -0.425148 0 0.7 0 1 0 1 0
v -0.347137 -0.1998 -0.440216 0 0.7 0 1 0 1 0
v -0.347137 -0.1998 -0.440216 0 0.7 0 1 0 1 0
v -0.340652 -0.1998 -0.454521 0 0.7 0 1 0 1 0
v -0.315475 -0.1998 -0.504827 0 0.7 0 1 0 1 0
v -0.315475 -0.1998 -0.504827 0 0.7 0 1 0 1 0
v -0.305939 -0.1998 -0.527239 0 0.7 0 1 0 1 0
v -0.294113 -0.1998 -0.531006 0 0.7 0 1 0 1 0
v -0.319672 -0.1998 -0.564623 0 0.7 0 1 0 1 0
v -0.344467 -0.1998 -0.542307 0 0.7 0 1 0 1 0
v -0.340271 -0.1998 -0.546217 0 0.7 0 1 0 1 0
v -0.268173 -0.1998 -0.601006 0 0.7 0 1 0 1 0
v -0.263596 -0.1998 -0.606489 0 0.7 0 1 0 1 0
v -0.246048 -0.1998 -0.613451 0 0.7 0 1 0 1 0
v -0.268555 -0.1998 -0.554132 0 0.7 0 1 0 1 0
v -0.268555 -0.1998 -0.545073 0 0.7 0 1 0 1 0
v -0.284576 -0.1998 -0.496435 0 0.7 0 1 0 1 0
v -0.284576 -0.1998 -0.496435 0 0.7 0 1 0 1 0
v -0.347137 -0.1998 -0.440216 0 0.7 0 1 0 1 0
v -0.315475 -0.1998 -0.504827 0 0.7 0 1 0 1 0
v -0.315475 -0.1998 -0.504827 0 0.7 0 1 0 1 0
v -0.294113 -0.1998 -0.531006 0 0.7 0 1 0 1 0
v -0.29068 -0.1998 -0.533915 0 0.7 0 1 0 1 0
v -0.319672 -0.1998 -0.564623 0 0.7 0 1 0 1 0
v -0.340271 -0.1998 -0.546217 0 0.7 0 1 0 1 0
v -0.336075 -0.1998 -0.550652 0 0.7 0 1 0 1 0
v -0.279617 -0.1998 -0.591803 0 0.7 0 1 0 1 0
v -0.268173 -0.1998 -0.601006 0 0.7 0 1 0 1 0
v -0.246048 -0.1998 -0.613451 0 0.7 0 1 0 1 0
v -0.255585 -0.1998 -0.603771 0 0.7 0 1 0 1 0
v -0.268555 -0.1998 -0.554132 0 0.7 0 1 0 1 0
v -0.284576 -0.1998 -0.496435 0 0.7 0 1 0 1 0
v -0.284576 -0.1998 -0.496435 0 0.7 0 1 0 1 0
v -0.315475 -0.1998 -0.504827 0 0.7 0 1 0 1 0
v -0.29068 -0.1998 -0.533915 0 0.7 0 1 0 1 0
v -0.319672 -0.1998 -0.564623 0 0.7 0 1 0 1 0
v -0.336075 -0.1998 -0.550652 0 0.7 0 1 0 1 0
v -0.333405 -0.1998 -0.556374 0 0.7 0 1 0 1 0
v -0.279617 -0.1998 -0.591803 0 0.7 0 1 0 1 0
v -0.246048 -0.1998 -0.613451 0 0.7 0 1 0 1 0
v -0.252914 -0.1998 -0.608206 0 0.7 0 1 0 1 0
v -0.255585 -0.1998 -0.603771 0 0.7 0 1 0 1 0
v -0.284576 -0.1998 -0.496435 0 0.7 0 1 0 1 0
v -0.29068 -0.1998 -0.533915 0 0.7 0 1 0 1 0
v -0.319672 -0.1998 -0.564623 0 0.7 0 1 0 1 0
v -0.333405 -0.1998 -0.556374 0 0.7 0 1 0 1 0
v -0.331497 -0.1998 -0.563669 0 0.7 0 1 0 1 0
v -0.284195 -0.1998 -0.588894 0 0.7 0 1 0 1 0
v -0.279617 -0.1998 -0.591803 0 0.7 0 1 0 1 0
v -0.252914 -0.1998 -0.608206 0 0.7 0 1 0 1 0
v -0.254822 -0.1998 -0.606346 0 0.7 0 1 0 1 0
v -0.255585 -0.1998 -0.603771 0 0.7 0 1 0 1 0
v -0.29068 -0.1998 -0.533915 0 0.7 0 1 0 1 0
v -0.284195 -0.1998 -0.588894 0 0.7 0 1 0 1 0
v -0.252914 -0.1998 -0.608206 0 0.7 0 1 0 1 0
v -0.254822 -0.1998 -0.606346 0 0.7 0 1 0 1 0
v -0.254822 -0.1998 -0.606346 0 0.7 0 1 0 1 0
v -0.29068 -0.1998 -0.533915 0 0.7 0 1 0 1 0
v -0.288391 -0.1998 -0.538874 0 0.7 0 1 0 1 0
v -0.254822 -0.1998 -0.606346 0 0.7 0 1 0 1 0
v -0.288391 -0.1998 -0.538874 0 0.7 0 1 0 1 0
v -0.286484 -0.1998 -0.546646 0 0.7 0 1 0 1 0
v -0.284195 -0.1998 -0.588894 0 0.7 0 1 0 1 0
v -0.254822 -0.1998 -0.606346 0 0.7 0 1 0 1 0
v -0.286484 -0.1998 -0.546646 0 0.7 0 1 0 1 0
v -0.288773 -0.1998 -0.587559 0 0.7 0 1 0 1 0
v -0.284195 -0.1998 -0.588894 0 0.7 0 1 0 1 0
v -0.286484 -0.1998 -0.546646 0 0.7 0 1 0 1 0
v -0.323105 -0.1998 -0.578785 0 0.7 0 1 0 1 0
v -0.288773 -0.1998 -0.587559 0 0.7 0 1 0 1 0
v -0.286484 -0.1998 -0.546646 0 0.7 0 1 0 1 0
v -0.323105 -0.1998 -0.578785 0 0.7 0 1 0 1 0
v -0.286484 -0.1998 -0.546646 0 0.7 0 1 0 1 0
v -0.319672 -0.1998 -0.564623 0 0.7 0 1 0 1 0
v -0.323105 -0.1998 -0.578785 0 0.7 0 1 0 1 0
v -0.319672 -0.1998 -0.564623 0 0.7 0 1 0 1 0
v -0.331497 -0.1998 -0.563669 0 0.7 0 1 0 1 0
v -0.0896454 -0.1998 -0.775576 0 0.7 0 1 0 1 0
v -0.0644684 -0.1998 -0.703526 0 0.7 0 1 0 1 0
v -0.100708 -0.1998 -0.670719 0 0.7 0 1 0 1 0
v -0.100708 -0.1998 -0.670719 0 0.7 0 1 0 1 0
v -0.107956 -0.1998 -0.664139 0 0.7 0 1 0 1 0
v -0.114059 -0.1998 -0.667906 0 0.7 0 1 0 1 0
v -0.165558 -0.1998 -0.676203 0 0.7 0 1 0 1 0
v -0.180435 -0.1998 -0.671959 0 0.7 0 1 0 1 0
v -0.201035 -0.1998 -0.717211 0 0.7 0 1 0 1 0
v -0.188828 -0.1998 -0.743484 0 0.7 0 1 0 1 0
v -0.172043 -0.1998 -0.780582 0 0.7 0 1 0 1 0
v -0.165176 -0.1998 -0.793934 0 0.7 0 1 0 1 0
v -0.15831 -0.1998 -0.798035 0 0.7 0 1 0 1 0
v -0.154114 -0.1998 -0.802469 0 0.7 0 1 0 1 0
v -0.149536 -0.1998 -0.806093 0 0.7 0 1 0 1 0
v -0.138855 -0.1998 -0.81892 0 0.7 0 1 0 1 0
v -0.137329 -0.1998 -0.82345 0 0.7 0 1 0 1 0
v -0.134277 -0.1998 -0.82922 0 0.7 0 1 0 1 0
v -0.134277 -0.1998 -0.82922 0 0.7 0 1 0 1 0
v -0.121689 -0.1998 -0.845051 0 0.7 0 1 0 1 0
v -0.116348 -0.1998 -0.851059 0 0.7 0 1 0 1 0
v -0.0896454 -0.1998 -0.775576 0 0.7 0 1 0 1 0
v -0.100708 -0.1998 -0.670719 0 0.7 0 1 0 1 0
v -0.114059 -0.1998 -0.667906 0 0.7 0 1 0 1 0
v -0.152206 -0.1998 -0.677824 0 0.7 0 1 0 1 0
v -0.165558 -0.1998 -0.676203 0 0.7 0 1 0 1 0
v -0.201035 -0.1998 -0.717211 0 0.7 0 1 0 1 0
v -0.201035 -0.1998 -0.717211 0 0.7 0 1 0 1 0
v -0.188828 -0.1998 -0.743484 0 0.7 0 1 0 1 0
v -0.165176 -0.1998 -0.793934 0 0.7 0 1 0 1 0
v -0.15831 -0.1998 -0.798035 0 0.7 0 1 0 1 0
v -0.149536 -0.1998 -0.806093 0 0.7 0 1 0 1 0
v -0.144958 -0.1998 -0.809288 0 0.7 0 1 0 1 0
v -0.138855 -0.1998 -0.81892 0 0.7 0 1 0 1 0
v -0.134277 -0.1998 -0.82922 0 0.7 0 1 0 1 0
v -0.116348 -0.1998 -0.851059 0 0.7 0 1 0 1 0
v -0.0896454 -0.1998 -0.775576 0 0.7 0 1 0 1 0
v -0.114059 -0.1998 -0.667906 0 0.7 0 1 0 1 0
v -0.123978 -0.1998 -0.67296 0 0.7 0 1 0 1 0
v -0.143814 -0.1998 -0.677633 0 0.7 0 1 0 1 0
v -0.152206 -0.1998 -0.677824 0 0.7 0 1 0 1 0
v -0.201035 -0.1998 -0.717211 0 0.7 0 1 0 1 0
v -0.201035 -0.1998 -0.717211 0 0.7 0 1 0 1 0
v -0.165176 -0.1998 -0.793934 0 0.7 0 1 0 1 0
v -0.15831 -0.1998 -0.798035 0 0.7 0 1 0 1 0
v -0.141907 -0.1998 -0.812674 0 0.7 0 1 0 1 0
v -0.138855 -0.1998 -0.81892 0 0.7 0 1 0 1 0
v -0.116348 -0.1998 -0.851059 0 0.7 0 1 0 1 0
v -0.0896454 -0.1998 -0.775576 0 0.7 0 1 0 1 0
v -0.123978 -0.1998 -0.67296 0 0.7 0 1 0 1 0
v -0.133133 -0.1998 -0.67606 0 0.7 0 1 0 1 0
v -0.133133 -0.1998 -0.67606 0 0.7 0 1 0 1 0
v -0.143814 -0.1998 -0.677633 0 0.7 0 1 0 1 0
v -0.201035 -0.1998 -0.717211 0 0.7 0 1 0 1 0
v -0.201035 -0.1998 -0.717211 0 0.7 0 1 0 1 0
v -0.15831 -0.1998 -0.798035 0 0.7 0 1 0 1 0
v -0.144958 -0.1998 -0.809288 0 0.7 0 1 0 1 0
v -0.141907 -0.1998 -0.812674 0 0.7 0 1 0 1 0
v -0.116348 -0.1998 -0.851059 0 0.7 0 1 0 1 0
v -0.114059 -0.1998 -0.846148 0 0.7 0 1 0 1 0
v -0.0896454 -0.1998 -0.775576 0 0.7 0 1 0 1 0
v -0.133133 -0.1998 -0.67606 0 0.7 0 1 0 1 0
v -0.201035 -0.1998 -0.717211 0 0.7 0 1 0 1 0
v -0.201035 -0.1998 -0.717211 0 0.7 0 1 0 1 0
v -0.144958 -0.1998 -0.809288 0 0.7 0 1 0 1 0
v -0.141907 -0.1998 -0.812674 0 0.7 0 1 0 1 0
v -0.0896454 -0.1998 -0.775576 0 0.7 0 1 0 1 0
v -0.201035 -0.1998 -0.717211 0 0.7 0 1 0 1 0
v -0.141907 -0.1998 -0.812674 0 0.7 0 1 0 1 0
v -0.0896454 -0.1998 -0.775576 0 0.7 0 1 0 1 0
v -0.141907 -0.1998 -0.812674 0 0.7 0 1 0 1 0
v -0.114059 -0.1998 -0.846148 0 0.7 0 1 0 1 0
v -0.104141 -0.1998 -0.661945 0 0.7 0 1 0 1 0
v -0.0965118 -0.1998 -0.654459 0 0.7 0 1 0 1 0
v -0.082016 -0.1998 -0.636673 0 0.7 0 1 0 1 0
v -0.082016 -0.1998 -0.636673 0 0.7 0 1 0 1 0
v -0.0644684 -0.1998 -0.608158 0 0.7 0 1 0 1 0
v -0.0408173 -0.1998 -0.568151 0 0.7 0 1 0 1 0
v -0.0255585 -0.1998 -0.541925 0 0.7 0 1 0 1 0
v -0.018692 -0.1998 -0.532007 0 0.7 0 1 0 1 0
v -0.0141144 -0.1998 -0.524807 0 0.7 0 1 0 1 0
v -0.0141144 -0.1998 -0.524807 0 0.7 0 1 0 1 0
v -0.0183105 -0.1998 -0.518179 0 0.7 0 1 0 1 0
v -0.037384 -0.1998 -0.547361 0 0.7 0 1 0 1 0
v -0.111008 -0.1998 -0.65608 0 0.7 0 1 0 1 0
v -0.113297 -0.1998 -0.657415 0 0.7 0 1 0 1 0
v -0.122452 -0.1998 -0.662899 0 0.7 0 1 0 1 0
v -0.235367 -0.1998 -0.592136 0 0.7 0 1 0 1 0
v -0.242996 -0.1998 -0.573254 0 0.7 0 1 0 1 0
v -0.243378 -0.1998 -0.580645 0 0.7 0 1 0 1 0
v -0.243378 -0.1998 -0.580645 0 0.7 0 1 0 1 0
v -0.242996 -0.1998 -0.587082 0 0.7 0 1 0 1 0
v -0.241852 -0.1998 -0.593853 0 0.7 0 1 0 1 0
v -0.241852 -0.1998 -0.593853 0 0.7 0 1 0 1 0
v -0.2388 -0.1998 -0.607109 0 0.7 0 1 0 1 0
v -0.233841 -0.1998 -0.620365 0 0.7 0 1 0 1 0
v -0.233841 -0.1998 -0.620365 0 0.7 0 1 0 1 0
v -0.224304 -0.1998 -0.639153 0 0.7 0 1 0 1 0
v -0.21553 -0.1998 -0.65608 0 0.7 0 1 0 1 0
v -0.212479 -0.1998 -0.683308 0 0.7 0 1 0 1 0
v -0.215912 -0.1998 -0.692797 0 0.7 0 1 0 1 0
v -0.20256 -0.1998 -0.714064 0 0.7 0 1 0 1 0
v -0.20256 -0.1998 -0.714064 0 0.7 0 1 0 1 0
v -0.201035 -0.1998 -0.717211 0 0.7 0 1 0 1 0
v -0.180435 -0.1998 -0.671959 0 0.7 0 1 0 1 0
v -0.180435 -0.1998 -0.671959 0 0.7 0 1 0 1 0
v -0.165558 -0.1998 -0.676203 0 0.7 0 1 0 1 0
v -0.152206 -0.1998 -0.677824 0 0.7 0 1 0 1 0
v -0.152206 -0.1998 -0.677824 0 0.7 0 1 0 1 0
v -0.143814 -0.1998 -0.677633 0 0.7 0 1 0 1 0
v -0.133133 -0.1998 -0.67606 0 0.7 0 1 0 1 0
v -0.133133 -0.1998 -0.67606 0 0.7 0 1 0 1 0
v -0.123978 -0.1998 -0.67296 0 0.7 0 1 0 1 0
v -0.114059 -0.1998 -0.667906 0 0.7 0 1 0 1 0
v -0.104141 -0.1998 -0.661945 0 0.7 0 1 0 1 0
v -0.082016 -0.1998 -0.636673 0 0.7 0 1 0 1 0
v -0.0408173 -0.1998 -0.568151 0 0.7 0 1 0 1 0
v -0.0255585 -0.1998 -0.541925 0 0.7 0 1 0 1 0
v -0.0141144 -0.1998 -0.524807 0 0.7 0 1 0 1 0
v -0.037384 -0.1998 -0.547361 0 0.7 0 1 0 1 0
v -0.226974 -0.1998 -0.611591 0 0.7 0 1 0 1 0
v -0.235367 -0.1998 -0.592136 0 0.7 0 1 0 1 0
v -0.243378 -0.1998 -0.580645 0 0.7 0 1 0 1 0
v -0.243378 -0.1998 -0.580645 0 0.7 0 1 0 1 0
v -0.241852 -0.1998 -0.593853 0 0.7 0 1 0 1 0
v -0.233841 -0.1998 -0.620365 0 0.7 0 1 0 1 0
v -0.211334 -0.1998 -0.677109 0 0.7 0 1 0 1 0
v -0.212479 -0.1998 -0.683308 0 0.7 0 1 0 1 0
v -0.20256 -0.1998 -0.714064 0 0.7 0 1 0 1 0
v -0.180435 -0.1998 -0.671959 0 0.7 0 1 0 1 0
v -0.152206 -0.1998 -0.677824 0 0.7 0 1 0 1 0
v -0.133133 -0.1998 -0.67606 0 0.7 0 1 0 1 0
v -0.104141 -0.1998 -0.661945 0 0.7 0 1 0 1 0
v -0.0408173 -0.1998 -0.568151 0 0.7 0 1 0 1 0
v -0.0255585 -0.1998 -0.541925 0 0.7 0 1 0 1 0
v -0.0255585 -0.1998 -0.541925 0 0.7 0 1 0 1 0
v -0.037384 -0.1998 -0.547361 0 0.7 0 1 0 1 0
v -0.0770569 -0.1998 -0.615215 0 0.7 0 1 0 1 0
v -0.219727 -0.1998 -0.62685 0 0.7 0 1 0 1 0
v -0.226974 -0.1998 -0.611591 0 0.7 0 1 0 1 0
v -0.243378 -0.1998 -0.580645 0 0.7 0 1 0 1 0
v -0.243378 -0.1998 -0.580645 0 0.7 0 1 0 1 0
v -0.233841 -0.1998 -0.620365 0 0.7 0 1 0 1 0
v -0.21553 -0.1998 -0.65608 0 0.7 0 1 0 1 0
v -0.211334 -0.1998 -0.670385 0 0.7 0 1 0 1 0
v -0.211334 -0.1998 -0.677109 0 0.7 0 1 0 1 0
v -0.20256 -0.1998 -0.714064 0 0.7 0 1 0 1 0
v -0.180435 -0.1998 -0.671959 0 0.7 0 1 0 1 0
v -0.133133 -0.1998 -0.67606 0 0.7 0 1 0 1 0
v -0.114059 -0.1998 -0.667906 0 0.7 0 1 0 1 0
v -0.104141 -0.1998 -0.661945 0 0.7 0 1 0 1 0
v -0.0255585 -0.1998 -0.541925 0 0.7 0 1 0 1 0
v -0.0770569 -0.1998 -0.615215 0 0.7 0 1 0 1 0
v -0.219727 -0.1998 -0.62685 0 0.7 0 1 0 1 0
v -0.243378 -0.1998 -0.580645 0 0.7 0 1 0 1 0
v -0.21553 -0.1998 -0.65608 0 0.7 0 1 0 1 0
v -0.212097 -0.1998 -0.664139 0 0.7 0 1 0 1 0
v -0.211334 -0.1998 -0.670385 0 0.7 0 1 0 1 0
v -0.20256 -0.1998 -0.714064 0 0.7 0 1 0 1 0
v -0.104141 -0.1998 -0.661945 0 0.7 0 1 0 1 0
v -0.0770569 -0.1998 -0.615215 0 0.7 0 1 0 1 0
v -0.0904083 -0.1998 -0.635004 0 0.7 0 1 0 1 0
v -0.205231 -0.1998 -0.64888 0 0.7 0 1 0 1 0
v -0.219727 -0.1998 -0.62685 0 0.7 0 1 0 1 0
v -0.21553 -0.1998 -0.65608 0 0.7 0 1 0 1 0
v -0.212097 -0.1998 -0.664139 0 0.7 0 1 0 1 0
v -0.20256 -0.1998 -0.714064 0 0.7 0 1 0 1 0
v -0.180435 -0.1998 -0.671959 0 0.7 0 1 0 1 0
v -0.104141 -0.1998 -0.661945 0 0.7 0 1 0 1 0
v -0.0904083 -0.1998 -0.635004 0 0.7 0 1 0 1 0
v -0.101089 -0.1998 -0.647211 0 0.7 0 1 0 1 0
v -0.201416 -0.1998 -0.652122 0 0.7 0 1 0 1 0
v -0.205231 -0.1998 -0.64888 0 0.7 0 1 0 1 0
v -0.21553 -0.1998 -0.65608 0 0.7 0 1 0 1 0
v -0.21553 -0.1998 -0.65608 0 0.7 0 1 0 1 0
v -0.212097 -0.1998 -0.664139 0 0.7 0 1 0 1 0
v -0.180435 -0.1998 -0.671959 0 0.7 0 1 0 1 0
v -0.104141 -0.1998 -0.661945 0 0.7 0 1 0 1 0
v -0.101089 -0.1998 -0.647211 0 0.7 0 1 0 1 0
v -0.111008 -0.1998 -0.65608 0 0.7 0 1 0 1 0
v -0.19455 -0.1998 -0.657749 0 0.7 0 1 0 1 0
v -0.201416 -0.1998 -0.652122 0 0.7 0 1 0 1 0
v -0.21553 -0.1998 -0.65608 0 0.7 0 1 0 1 0
v -0.104141 -0.1998 -0.661945 0 0.7 0 1 0 1 0
v -0.111008 -0.1998 -0.65608 0 0.7 0 1 0 1 0
v -0.122452 -0.1998 -0.662899 0 0.7 0 1 0 1 0
v -0.186539 -0.1998 -0.661755 0 0.7 0 1 0 1 0
v -0.19455 -0.1998 -0.657749 0 0.7 0 1 0 1 0
v -0.21553 -0.1998 -0.65608 0 0.7 0 1 0 1 0
v -0.104141 -0.1998 -0.661945 0 0.7 0 1 0 1 0
v -0.122452 -0.1998 -0.662899 0 0.7 0 1 0 1 0
v -0.134659 -0.1998 -0.666571 0 0.7 0 1 0 1 0
v -0.177765 -0.1998 -0.66514 0 0.7 0 1 0 1 0
v -0.186539 -0.1998 -0.661755 0 0.7 0 1 0 1 0
v -0.21553 -0.1998 -0.65608 0 0.7 0 1 0 1 0
v -0.164413 -0.1998 -0.668383 0 0.7 0 1 0 1 0
v -0.177765 -0.1998 -0.66514 0 0.7 0 1 0 1 0
v -0.21553 -0.1998 -0.65608 0 0.7 0 1 0 1 0
v -0.164413 -0.1998 -0.668383 0 0.7 0 1 0 1 0
v -0.21553 -0.1998 -0.65608 0 0.7 0 1 0 1 0
v -0.180435 -0.1998 -0.671959 0 0.7 0 1 0 1 0
v -0.148773 -0.1998 -0.668573 0 0.7 0 1 0 1 0
v -0.164413 -0.1998 -0.668383 0 0.7 0 1 0 1 0
v -0.180435 -0.1998 -0.671959 0 0.7 0 1 0 1 0
v -0.148773 -0.1998 -0.668573 0 0.7 0 1 0 1 0
v -0.180435 -0.1998 -0.671959 0 0.7 0 1 0 1 0
v -0.114059 -0.1998 -0.667906 0 0.7 0 1 0 1 0
v -0.134659 -0.1998 -0.666571 0 0.7 0 1 0 1 0
v -0.148773 -0.1998 -0.668573 0 0.7 0 1 0 1 0
v -0.114059 -0.1998 -0.667906 0 0.7 0 1 0 1 0
v -0.100708 -0.1998 -0.670719 0 0.7 0 1 0 1 0
v -0.0644684 -0.1998 -0.703526 0 0.7 0 1 0 1 0
v -0.0335693 -0.1998 -0.731421 0 0.7 0 1 0 1 0
v -0.0335693 -0.1998 -0.731421 0 0.7 0 1 0 1 0
v -0.0293732 -0.1998 -0.725079 0 0.7 0 1 0 1 0
v -0.018692 -0.1998 -0.532007 0 0.7 0 1 0 1 0
v -0.018692 -0.1998 -0.532007 0 0.7 0 1 0 1 0
v -0.0255585 -0.1998 -0.541925 0 0.7 0 1 0 1 0
v -0.0408173 -0.1998 -0.568151 0 0.7 0 1 0 1 0
v -0.100708 -0.1998 -0.670719 0 0.7 0 1 0 1 0
v -0.0335693 -0.1998 -0.731421 0 0.7 0 1 0 1 0
v -0.018692 -0.1998 -0.532007 0 0.7 0 1 0 1 0
v -0.018692 -0.1998 -0.532007 0 0.7 0 1 0 1 0
v -0.0408173 -0.1998 -0.568151 0 0.7 0 1 0 1 0
v -0.0644684 -0.1998 -0.608158 0 0.7 0 1 0 1 0
v -0.100708 -0.1998 -0.670719 0 0.7 0 1 0 1 0
v -0.018692 -0.1998 -0.532007 0 0.7 0 1 0 1 0
v -0.0644684 -0.1998 -0.608158 0 0.7 0 1 0 1 0
v -0.100708 -0.1998 -0.670719 0 0.7 0 1 0 1 0
v -0.0644684 -0.1998 -0.608158 0 0.7 0 1 0 1 0
v -0.082016 -0.1998 -0.636673 0 0.7 0 1 0 1 0
v -0.100708 -0.1998 -0.670719 0 0.7 0 1 0 1 0
v -0.082016 -0.1998 -0.636673 0 0.7 0 1 0 1 0
v -0.0965118 -0.1998 -0.654459 0 0.7 0 1 0 1 0
v -0.100708 -0.1998 -0.670719 0 0.7 0 1 0 1 0
v -0.0965118 -0.1998 -0.654459 0 0.7 0 1 0 1 0
v -0.104141 -0.1998 -0.661945 0 0.7 0 1 0 1 0
v -0.031662 -0.1998 -0.736284 0 0.7 0 1 0 1 0
v -0.0335693 -0.1998 -0.731421 0 0.7 0 1 0 1 0
v -0.0644684 -0.1998 -0.703526 0 0.7 0 1 0 1 0
v -0.0644684 -0.1998 -0.703526 0 0.7 0 1 0 1 0
v -0.0896454 -0.1998 -0.775576 0 0.7 0 1 0 1 0
v -0.0709534 -0.1998 -0.787306 0 0.7 0 1 0 1 0
v -0.063324 -0.1998 -0.759888 0 0.7 0 1 0 1 0
v -0.0286102 -0.1998 -0.755072 0 0.7 0 1 0 1 0
v -0.0236511 -0.1998 -0.75407 0 0.7 0 1 0 1 0
v -0.0644684 -0.1998 -0.703526 0 0.7 0 1 0 1 0
v -0.0709534 -0.1998 -0.787306 0 0.7 0 1 0 1 0
v -0.063324 -0.1998 -0.759888 0 0.7 0 1 0 1 0
v -0.031662 -0.1998 -0.736284 0 0.7 0 1 0 1 0
v -0.0644684 -0.1998 -0.703526 0 0.7 0 1 0 1 0
v -0.063324 -0.1998 -0.759888 0 0.7 0 1 0 1 0
v -0.031662 -0.1998 -0.736284 0 0.7 0 1 0 1 0
v -0.063324 -0.1998 -0.759888 0 0.7 0 1 0 1 0
v -0.0236511 -0.1998 -0.75407 0 0.7 0 1 0 1 0
v -0.0160217 -0.1998 -0.748491 0 0.7 0 1 0 1 0
v -0.0198364 -0.1998 -0.74544 0 0.7 0 1 0 1 0
v -0.0236511 -0.1998 -0.75407 0 0.7 0 1 0 1 0
v -0.0236511 -0.1998 -0.75407 0 0.7 0 1 0 1 0
v -0.0286102 -0.1998 -0.755072 0 0.7 0 1 0 1 0
v -0.019455 -0.1998 -0.771809 0 0.7 0 1 0 1 0
v -0.0160217 -0.1998 -0.748491 0 0.7 0 1 0 1 0
v -0.0236511 -0.1998 -0.75407 0 0.7 0 1 0 1 0
v -0.019455 -0.1998 -0.771809 0 0.7 0 1 0 1 0
v -0.0160217 -0.1998 -0.748491 0 0.7 0 1 0 1 0
v -0.019455 -0.1998 -0.771809 0 0.7 0 1 0 1 0
v -0.0148773 -0.1998 -0.771856 0 0.7 0 1 0 1 0
v -0.0160217 -0.1998 -0.748491 0 0.7 0 1 0 1 0
v -0.0148773 -0.1998 -0.771856 0 0.7 0 1 0 1 0
v -0.00457764 -0.1998 -0.776958 0 0.7 0 1 0 1 0
v -0.00038147 -0.1998 -0.545454 0 0.7 0 1 0 1 0
v -0.0102997 -0.1998 -0.519514 0 0.7 0 1 0 1 0
v -0.0141144 -0.1998 -0.524807 0 0.7 0 1 0 1 0
v -0.0102997 -0.1998 -0.519514 0 0.7 0 1 0 1 0
v -0.0164032 -0.1998 -0.515223 0 0.7 0 1 0 1 0
v -0.0183105 -0.1998 -0.518179 0 0.7 0 1 0 1 0
v -0.333786 -0.1998 -0.989723 0 0.7 0 1 0 1 0
v -0.31395 -0.1998 -0.995064 0 0.7 0 1 0 1 0
v -0.289154 -0.1998 -0.972986 0 0.7 0 1 0 1 0
v -0.289154 -0.1998 -0.972986 0 0.7 0 1 0 1 0
v -0.271606 -0.1998 -0.956821 0 0.7 0 1 0 1 0
v -0.246048 -0.1998 -0.930214 0 0.7 0 1 0 1 0
v -0.246048 -0.1998 -0.930214 0 0.7 0 1 0 1 0
v -0.248718 -0.1998 -0.924492 0 0.7 0 1 0 1 0
v -0.297546 -0.1998 -0.963449 0 0.7 0 1 0 1 0
v -0.313568 -0.1998 -0.975466 0 0.7 0 1 0 1 0
v -0.333786 -0.1998 -0.989723 0 0.7 0 1 0 1 0
v -0.289154 -0.1998 -0.972986 0 0.7 0 1 0 1 0
v -0.289154 -0.1998 -0.972986 0 0.7 0 1 0 1 0
v -0.246048 -0.1998 -0.930214 0 0.7 0 1 0 1 0
v -0.297546 -0.1998 -0.963449 0 0.7 0 1 0 1 0
v -0.297546 -0.1998 -0.963449 0 0.7 0 1 0 1 0
v -0.313568 -0.1998 -0.975466 0 0.7 0 1 0 1 0
v -0.289154 -0.1998 -0.972986 0 0.7 0 1 0 1 0
v -0.577927 -0.1998 -0.00486374 0 0.7 0 1 0 1 0
v -0.568771 -0.1998 -0.0277042 0 0.7 0 1 0 1 0
v -0.558853 -0.1998 -0.0466347 0 0.7 0 1 0 1 0
v -0.587845 -0.1998 -0.0941753 0 0.7 0 1 0 1 0
v -0.580978 -0.1998 -0.100183 0 0.7 0 1 0 1 0
v -0.566101 -0.1998 -0.0996113 0 0.7 0 1 0 1 0
v -0.566101 -0.1998 -0.0996113 0 0.7 0 1 0 1 0
v -0.582504 -0.1998 -0.0531197 0 0.7 0 1 0 1 0
v -0.591278 -0.1998 -0.0319004 0 0.7 0 1 0 1 0
v -0.591278 -0.1998 -0.0319004 0 0.7 0 1 0 1 0
v -0.600052 -0.1998 -0.0143051 0 0.7 0 1 0 1 0
v -0.609207 -0.1998 -0.000619888 0 0.7 0 1 0 1 0
v -0.609207 -0.1998 -0.000619888 0 0.7 0 1 0 1 0
v -0.636673 -0.1998 -0.0256062 0 0.7 0 1 0 1 0
v -0.61264 -0.1998 -0.0608444 0 0.7 0 1 0 1 0
v -0.593185 -0.1998 -0.090456 0 0.7 0 1 0 1 0
v -0.587845 -0.1998 -0.0941753 0 0.7 0 1 0 1 0
v -0.566101 -0.1998 -0.0996113 0 0.7 0 1 0 1 0
v -0.566101 -0.1998 -0.0996113 0 0.7 0 1 0 1 0
v -0.591278 -0.1998 -0.0319004 0 0.7 0 1 0 1 0
v -0.609207 -0.1998 -0.000619888 0 0.7 0 1 0 1 0
v -0.598145 -0.1998 -0.088501 0 0.7 0 1 0 1 0
v -0.593185 -0.1998 -0.090456 0 0.7 0 1 0 1 0
v -0.566101 -0.1998 -0.0996113 0 0.7 0 1 0 1 0
v -0.566101 -0.1998 -0.0996113 0 0.7 0 1 0 1 0
v -0.609207 -0.1998 -0.000619888 0 0.7 0 1 0 1 0
v -0.61264 -0.1998 -0.0608444 0 0.7 0 1 0 1 0
v -0.598145 -0.1998 -0.088501 0 0.7 0 1 0 1 0
v -0.566101 -0.1998 -0.0996113 0 0.7 0 1 0 1 0
v -0.61264 -0.1998 -0.0608444 0 0.7 0 1 0 1 0
v -0.598145 -0.1998 -0.088501 0 0.7 0 1 0 1 0
v -0.61264 -0.1998 -0.0608444 0 0.7 0 1 0 1 0
v -0.617599 -0.1998 -0.0779629 0 0.7 0 1 0 1 0
v -0.730896 -0.1998 -0.8564 0 0.7 0 1 0 1 0
v -0.718307 -0.1998 -0.852251 0 0.7 0 1 0 1 0
v -0.733185 -0.1998 -0.602627 0 0.7 0 1 0 1 0
v -0.730896 -0.1998 -0.8564 0 0.7 0 1 0 1 0
v -0.733185 -0.1998 -0.602627 0 0.7 0 1 0 1 0
v -0.74501 -0.1998 -0.605059 0 0.7 0 1 0 1 0
v -0.540161 -0.1998 -0.702381 0 0.7 0 1 0 1 0
v -0.543976 -0.1998 -0.705767 0 0.7 0 1 0 1 0
v -0.542068 -0.1998 -0.712013 0 0.7 0 1 0 1 0
v -0.542068 -0.1998 -0.712013 0 0.7 0 1 0 1 0
v -0.539398 -0.1998 -0.716925 0 0.7 0 1 0 1 0
v -0.535965 -0.1998 -0.71764 0 0.7 0 1 0 1 0
v -0.535965 -0.1998 -0.71764 0 0.7 0 1 0 1 0
v -0.531387 -0.1998 -0.715637 0 0.7 0 1 0 1 0
v -0.518417 -0.1998 -0.706768 0 0.7 0 1 0 1 0
v -0.540161 -0.1998 -0.702381 0 0.7 0 1 0 1 0
v -0.542068 -0.1998 -0.712013 0 0.7 0 1 0 1 0
v -0.535965 -0.1998 -0.71764 0 0.7 0 1 0 1 0
v -0.543594 -0.1998 -0.684023 0 0.7 0 1 0 1 0
v -0.540161 -0.1998 -0.702381 0 0.7 0 1 0 1 0
v -0.535965 -0.1998 -0.71764 0 0.7 0 1 0 1 0
v -0.543594 -0.1998 -0.684023 0 0.7 0 1 0 1 0
v -0.535965 -0.1998 -0.71764 0 0.7 0 1 0 1 0
v -0.518417 -0.1998 -0.706768 0 0.7 0 1 0 1 0
v -0.393295 -0.1998 -0.800133 0 0.7 0 1 0 1 0
v -0.382233 -0.1998 -0.794983 0 0.7 0 1 0 1 0
v -0.373077 -0.1998 -0.78969 0 0.7 0 1 0 1 0
v -0.373077 -0.1998 -0.78969 0 0.7 0 1 0 1 0
v -0.365829 -0.1998 -0.785255 0 0.7 0 1 0 1 0
v -0.365448 -0.1998 -0.784731 0 0.7 0 1 0 1 0
v -0.393295 -0.1998 -0.800133 0 0.7 0 1 0 1 0
v -0.373077 -0.1998 -0.78969 0 0.7 0 1 0 1 0
v -0.365448 -0.1998 -0.784731 0 0.7 0 1 0 1 0
v -0.393295 -0.1998 -0.800133 0 0.7 0 1 0 1 0
v -0.365448 -0.1998 -0.784731 0 0.7 0 1 0 1 0
v -0.364304 -0.1998 -0.776243 0 0.7 0 1 0 1 0
v -0.0301361 -0.1998 -0.324726 0 0.7 0 1 0 1 0
v -0.0324249 -0.1998 -0.323296 0 0.7 0 1 0 1 0
v -0.0991821 -0.1998 -0.305843 0 0.7 0 1 0 1 0
v -0.338745 -0.1998 -0.258207 0 0.7 0 1 0 1 0
v -0.348282 -0.1998 -0.251722 0 0.7 0 1 0 1 0
v -0.355148 -0.1998 -0.247669 0 0.7 0 1 0 1 0
v -0.359344 -0.1998 -0.245523 0 0.7 0 1 0 1 0
v -0.357056 -0.1998 -0.238895 0 0.7 0 1 0 1 0
v -0.554657 -0.1998 -0.0390053 0 0.7 0 1 0 1 0
v -0.554657 -0.1998 -0.0390053 0 0.7 0 1 0 1 0
v -0.558853 -0.1998 -0.0466347 0 0.7 0 1 0 1 0
v -0.546646 -0.1998 -0.053072 0 0.7 0 1 0 1 0
v -0.516891 -0.1998 -0.0751495 0 0.7 0 1 0 1 0
v -0.50087 -0.1998 -0.118065 0 0.7 0 1 0 1 0
v -0.486755 -0.1998 -0.144243 0 0.7 0 1 0 1 0
v -0.486755 -0.1998 -0.144243 0 0.7 0 1 0 1 0
v -0.468445 -0.1998 -0.176811 0 0.7 0 1 0 1 0
v -0.444031 -0.1998 -0.21162 0 0.7 0 1 0 1 0
v -0.406647 -0.1998 -0.267076 0 0.7 0 1 0 1 0
v -0.404739 -0.1998 -0.30756 0 0.7 0 1 0 1 0
v -0.404358 -0.1998 -0.312757 0 0.7 0 1 0 1 0
v -0.404358 -0.1998 -0.312757 0 0.7 0 1 0 1 0
v -0.403214 -0.1998 -0.317526 0 0.7 0 1 0 1 0
v -0.401688 -0.1998 -0.321579 0 0.7 0 1 0 1 0
v -0.401688 -0.1998 -0.321579 0 0.7 0 1 0 1 0
v -0.399399 -0.1998 -0.324392 0 0.7 0 1 0 1 0
v -0.391006 -0.1998 -0.333548 0 0.7 0 1 0 1 0
v -0.232697 -0.1998 -0.539446 0 0.7 0 1 0 1 0
v -0.223923 -0.1998 -0.561953 0 0.7 0 1 0 1 0
v -0.21553 -0.1998 -0.582647 0 0.7 0 1 0 1 0
v -0.21553 -0.1998 -0.582647 0 0.7 0 1 0 1 0
v -0.207901 -0.1998 -0.597429 0 0.7 0 1 0 1 0
v -0.199127 -0.1998 -0.609922 0 0.7 0 1 0 1 0
v -0.199127 -0.1998 -0.609922 0 0.7 0 1 0 1 0
v -0.187683 -0.1998 -0.621271 0 0.7 0 1 0 1 0
v -0.175095 -0.1998 -0.629425 0 0.7 0 1 0 1 0
v -0.175095 -0.1998 -0.629425 0 0.7 0 1 0 1 0
v -0.162125 -0.1998 -0.633717 0 0.7 0 1 0 1 0
v -0.148392 -0.1998 -0.634384 0 0.7 0 1 0 1 0
v -0.148392 -0.1998 -0.634384 0 0.7 0 1 0 1 0
v -0.133514 -0.1998 -0.632381 0 0.7 0 1 0 1 0
v -0.12207 -0.1998 -0.627136 0 0.7 0 1 0 1 0
v -0.12207 -0.1998 -0.627136 0 0.7 0 1 0 1 0
v -0.110245 -0.1998 -0.617266 0 0.7 0 1 0 1 0
v -0.100708 -0.1998 -0.607347 0 0.7 0 1 0 1 0
v -0.100708 -0.1998 -0.607347 0 0.7 0 1 0 1 0
v -0.0926971 -0.1998 -0.596619 0 0.7 0 1 0 1 0
v -0.0713348 -0.1998 -0.563335 0 0.7 0 1 0 1 0
v -0.0377655 -0.1998 -0.509977 0 0.7 0 1 0 1 0
v -0.012207 -0.1998 -0.474405 0 0.7 0 1 0 1 0
v -0.00190735 -0.1998 -0.324249 0 0.7 0 1 0 1 0
v -0.0209808 -0.1998 -0.330067 0 0.7 0 1 0 1 0
v -0.0301361 -0.1998 -0.324726 0 0.7 0 1 0 1 0
v -0.0991821 -0.1998 -0.305843 0 0.7 0 1 0 1 0
v -0.338745 -0.1998 -0.258207 0 0.7 0 1 0 1 0
v -0.355148 -0.1998 -0.247669 0 0.7 0 1 0 1 0
v -0.359344 -0.1998 -0.245523 0 0.7 0 1 0 1 0
v -0.359344 -0.1998 -0.245523 0 0.7 0 1 0 1 0
v -0.554657 -0.1998 -0.0390053 0 0.7 0 1 0 1 0
v -0.546646 -0.1998 -0.053072 0 0.7 0 1 0 1 0
v -0.516891 -0.1998 -0.0751495 0 0.7 0 1 0 1 0
v -0.486755 -0.1998 -0.144243 0 0.7 0 1 0 1 0
v -0.444031 -0.1998 -0.21162 0 0.7 0 1 0 1 0
v -0.406647 -0.1998 -0.267076 0 0.7 0 1 0 1 0
v -0.404358 -0.1998 -0.312757 0 0.7 0 1 0 1 0
v -0.401688 -0.1998 -0.321579 0 0.7 0 1 0 1 0
v -0.401688 -0.1998 -0.321579 0 0.7 0 1 0 1 0
v -0.391006 -0.1998 -0.333548 0 0.7 0 1 0 1 0
v -0.312042 -0.1998 -0.415516 0 0.7 0 1 0 1 0
v -0.232697 -0.1998 -0.539446 0 0.7 0 1 0 1 0
v -0.21553 -0.1998 -0.582647 0 0.7 0 1 0 1 0
v -0.199127 -0.1998 -0.609922 0 0.7 0 1 0 1 0
v -0.199127 -0.1998 -0.609922 0 0.7 0 1 0 1 0
v -0.175095 -0.1998 -0.629425 0 0.7 0 1 0 1 0
v -0.148392 -0.1998 -0.634384 0 0.7 0 1 0 1 0
v -0.148392 -0.1998 -0.634384 0 0.7 0 1 0 1 0
v -0.12207 -0.1998 -0.627136 0 0.7 0 1 0 1 0
v -0.100708 -0.1998 -0.607347 0 0.7 0 1 0 1 0
v -0.100708 -0.1998 -0.607347 0 0.7 0 1 0 1 0
v -0.0713348 -0.1998 -0.563335 0 0.7 0 1 0 1 0
v -0.0377655 -0.1998 -0.509977 0 0.7 0 1 0 1 0
v -0.0377655 -0.1998 -0.509977 0 0.7 0 1 0 1 0
v -0.00190735 -0.1998 -0.324249 0 0.7 0 1 0 1 0
v -0.00724792 -0.1998 -0.330973 0 0.7 0 1 0 1 0
v -0.0209808 -0.1998 -0.330067 0 0.7 0 1 0 1 0
v -0.0991821 -0.1998 -0.305843 0 0.7 0 1 0 1 0
v -0.105667 -0.1998 -0.317478 0 0.7 0 1 0 1 0
v -0.516891 -0.1998 -0.0751495 0 0.7 0 1 0 1 0
v -0.444031 -0.1998 -0.21162 0 0.7 0 1 0 1 0
v -0.411224 -0.1998 -0.254107 0 0.7 0 1 0 1 0
v -0.406647 -0.1998 -0.267076 0 0.7 0 1 0 1 0
v -0.401688 -0.1998 -0.321579 0 0.7 0 1 0 1 0
v -0.312042 -0.1998 -0.415516 0 0.7 0 1 0 1 0
v -0.241852 -0.1998 -0.519991 0 0.7 0 1 0 1 0
v -0.232697 -0.1998 -0.539446 0 0.7 0 1 0 1 0
v -0.199127 -0.1998 -0.609922 0 0.7 0 1 0 1 0
v -0.199127 -0.1998 -0.609922 0 0.7 0 1 0 1 0
v -0.148392 -0.1998 -0.634384 0 0.7 0 1 0 1 0
v -0.100708 -0.1998 -0.607347 0 0.7 0 1 0 1 0
v -0.100708 -0.1998 -0.607347 0 0.7 0 1 0 1 0
v -0.0377655 -0.1998 -0.509977 0 0.7 0 1 0 1 0
v -0.00724792 -0.1998 -0.330973 0 0.7 0 1 0 1 0
v -0.0209808 -0.1998 -0.330067 0 0.7 0 1 0 1 0
v -0.105667 -0.1998 -0.317478 0 0.7 0 1 0 1 0
v -0.114059 -0.1998 -0.320387 0 0.7 0 1 0 1 0
v -0.411224 -0.1998 -0.254107 0 0.7 0 1 0 1 0
v -0.406647 -0.1998 -0.267076 0 0.7 0 1 0 1 0
v -0.312042 -0.1998 -0.415516 0 0.7 0 1 0 1 0
v -0.241852 -0.1998 -0.519991 0 0.7 0 1 0 1 0
v -0.199127 -0.1998 -0.609922 0 0.7 0 1 0 1 0
v -0.100708 -0.1998 -0.607347 0 0.7 0 1 0 1 0
v -0.516891 -0.1998 -0.0751495 0 0.7 0 1 0 1 0
v -0.411224 -0.1998 -0.254107 0 0.7 0 1 0 1 0
v -0.312042 -0.1998 -0.415516 0 0.7 0 1 0 1 0
v -0.255203 -0.1998 -0.496054 0 0.7 0 1 0 1 0
v -0.241852 -0.1998 -0.519991 0 0.7 0 1 0 1 0
v -0.100708 -0.1998 -0.607347 0 0.7 0 1 0 1 0
v -0.516891 -0.1998 -0.0751495 0 0.7 0 1 0 1 0
v -0.312042 -0.1998 -0.415516 0 0.7 0 1 0 1 0
v -0.294876 -0.1998 -0.437784 0 0.7 0 1 0 1 0
v -0.271225 -0.1998 -0.470829 0 0.7 0 1 0 1 0
v -0.255203 -0.1998 -0.496054 0 0.7 0 1 0 1 0
v -0.100708 -0.1998 -0.607347 0 0.7 0 1 0 1 0
v -0.516891 -0.1998 -0.0751495 0 0.7 0 1 0 1 0
v -0.294876 -0.1998 -0.437784 0 0.7 0 1 0 1 0
v -0.271225 -0.1998 -0.470829 0 0.7 0 1 0 1 0
v -0.516891 -0.1998 -0.0751495 0 0.7 0 1 0 1 0
v -0.271225 -0.1998 -0.470829 0 0.7 0 1 0 1 0
v -0.100708 -0.1998 -0.607347 0 0.7 0 1 0 1 0
v -0.524139 -0.1998 -0.0657558 0 0.7 0 1 0 1 0
v -0.516891 -0.1998 -0.0751495 0 0.7 0 1 0 1 0
v -0.100708 -0.1998 -0.607347 0 0.7 0 1 0 1 0
v -0.738525 -0.1998 -0.025034 0 0.7 0 1 0 1 0
v -0.736618 -0.1998 -0.026226 0 0.7 0 1 0 1 0
v -0.731659 -0.1998 -0.00839233 0 0.7 0 1 0 1 0
v -0.0156403 -0.1998 -0.731707 0 0.7 0 1 0 1 0
v -0.00038147 -0.1998 -0.545454 0 0.7 0 1 0 1 0
v -0.0141144 -0.1998 -0.524807 0 0.7 0 1 0 1 0
v -0.0141144 -0.1998 -0.524807 0 0.7 0 1 0 1 0
v -0.018692 -0.1998 -0.532007 0 0.7 0 1 0 1 0
v -0.0293732 -0.1998 -0.725079 0 0.7 0 1 0 1 0
v -0.0293732 -0.1998 -0.725079 0 0.7 0 1 0 1 0
v -0.0156403 -0.1998 -0.731707 0 0.7 0 1 0 1 0
v -0.0141144 -0.1998 -0.524807 0 0.7 0 1 0 1 0
v -0.00190735 -0.1998 -0.727463 0 0.7 0 1 0 1 0
v -0.00343323 -0.1998 -0.701189 0 0.7 0 1 0 1 0
v -0.0106812 -0.1998 -0.709105 0 0.7 0 1 0 1 0
v -0.0106812 -0.1998 -0.709105 0 0.7 0 1 0 1 0
v -0.0125885 -0.1998 -0.7164 0 0.7 0 1 0 1 0
v -0.0118256 -0.1998 -0.72298 0 0.7 0 1 0 1 0
v -0.0118256 -0.1998 -0.72298 0 0.7 0 1 0 1 0
v -0.00724792 -0.1998 -0.726652 0 0.7 0 1 0 1 0
v -0.00190735 -0.1998 -0.727463 0 0.7 0 1 0 1 0
v -0.00190735 -0.1998 -0.727463 0 0.7 0 1 0 1 0
v -0.0106812 -0.1998 -0.709105 0 0.7 0 1 0 1 0
v -0.0118256 -0.1998 -0.72298 0 0.7 0 1 0 1 0
floor
v -0.123978 -0.1998 -0.308514 0 0.7 0 1 0 1 0
v -0.142288 -0.1998 -0.302744 0 0.7 0 1 0 1 0
v -0.346375 -0.1998 -0.239611 0 0.7 0 1 0 1 0
v -0.346375 -0.1998 -0.239611 0 0.7 0 1 0 1 0
v -0.347519 -0.1998 -0.246048 0 0.7 0 1 0 1 0
v -0.337601 -0.1998 -0.252676 0 0.7 0 1 0 1 0
v -0.337601 -0.1998 -0.252676 0 0.7 0 1 0 1 0
v -0.116348 -0.1998 -0.316429 0 0.7 0 1 0 1 0
v -0.110245 -0.1998 -0.314236 0 0.7 0 1 0 1 0
v -0.106812 -0.1998 -0.309944 0 0.7 0 1 0 1 0
v -0.102997 -0.1998 -0.306225 0 0.7 0 1 0 1 0
v -0.101089 -0.1998 -0.302458 0 0.7 0 1 0 1 0
v -0.0968933 -0.1998 -0.301933 0 0.7 0 1 0 1 0
v -0.0335693 -0.1998 -0.319386 0 0.7 0 1 0 1 0
v -0.0289917 -0.1998 -0.31929 0 0.7 0 1 0 1 0
v -0.0289917 -0.1998 -0.31929 0 0.7 0 1 0 1 0
v -0.0202179 -0.1998 -0.328779 0 0.7 0 1 0 1 0
v -0.0144958 -0.1998 -0.33145 0 0.7 0 1 0 1 0
v -0.0144958 -0.1998 -0.33145 0 0.7 0 1 0 1 0
v -0.0087738 -0.1998 -0.327158 0 0.7 0 1 0 1 0
v -0.00305176 -0.1998 -0.320721 0 0.7 0 1 0 1 0
v -0.123978 -0.1998 -0.308514 0 0.7 0 1 0 1 0
v -0.346375 -0.1998 -0.239611 0 0.7 0 1 0 1 0
v -0.337601 -0.1998 -0.252676 0 0.7 0 1 0 1 0
v -0.110245 -0.1998 -0.314236 0 0.7 0 1 0 1 0
v -0.106812 -0.1998 -0.309944 0 0.7 0 1 0 1 0
v -0.101089 -0.1998 -0.302458 0 0.7 0 1 0 1 0
v -0.0289917 -0.1998 -0.31929 0 0.7 0 1 0 1 0
v -0.0144958 -0.1998 -0.33145 0 0.7 0 1 0 1 0
v -0.00305176 -0.1998 -0.320721 0 0.7 0 1 0 1 0
v -0.123978 -0.1998 -0.308514 0 0.7 0 1 0 1 0
v -0.337601 -0.1998 -0.252676 0 0.7 0 1 0 1 0
v -0.110245 -0.1998 -0.314236 0 0.7 0 1 0 1 0
v -0.0968933 -0.1998 -0.301933 0 0.7 0 1 0 1 0
v -0.0289917 -0.1998 -0.31929 0 0.7 0 1 0 1 0
v -0.00305176 -0.1998 -0.320721 0 0.7 0 1 0 1 0
v -0.120544 -0.1998 -0.279713 0 0.7 0 1 0 1 0
v -0.123978 -0.1998 -0.308514 0 0.7 0 1 0 1 0
v -0.110245 -0.1998 -0.314236 0 0.7 0 1 0 1 0
v -0.120544 -0.1998 -0.279713 0 0.7 0 1 0 1 0
v -0.110245 -0.1998 -0.314236 0 0.7 0 1 0 1 0
v -0.101089 -0.1998 -0.302458 0 0.7 0 1 0 1 0
v -0.120544 -0.1998 -0.279713 0 0.7 0 1 0 1 0
v -0.101089 -0.1998 -0.302458 0 0.7 0 1 0 1 0
v -0.0968933 -0.1998 -0.301933 0 0.7 0 1 0 1 0
v -0.0282288 -0.1998 -0.306606 0 0.7 0 1 0 1 0
v -0.120544 -0.1998 -0.279713 0 0.7 0 1 0 1 0
v -0.0968933 -0.1998 -0.301933 0 0.7 0 1 0 1 0
v -0.0282288 -0.1998 -0.306606 0 0.7 0 1 0 1 0
v -0.0968933 -0.1998 -0.301933 0 0.7 0 1 0 1 0
v -0.00305176 -0.1998 -0.320721 0 0.7 0 1 0 1 0
v -0.0282288 -0.1998 -0.306606 0 0.7 0 1 0 1 0
v -0.00305176 -0.1998 -0.320721 0 0.7 0 1 0 1 0
v -0.00419617 -0.1998 -0.18096 0 0.7 0 1 0 1 0
v -0.219345 -0.1998 -0.0628948 0 0.7 0 1 0 1 0
v -0.220108 -0.1998 -0.0638485 0 0.7 0 1 0 1 0
v -0.220108 -0.1998 -0.0709057 0 0.7 0 1 0 1 0
v -0.220108 -0.1998 -0.0709057 0 0.7 0 1 0 1 0
v -0.223541 -0.1998 -0.0792027 0 0.7 0 1 0 1 0
v -0.21553 -0.1998 -0.0959873 0 0.7 0 1 0 1 0
v -0.216675 -0.1998 -0.0520706 0 0.7 0 1 0 1 0
v -0.219345 -0.1998 -0.0628948 0 0.7 0 1 0 1 0
v -0.220108 -0.1998 -0.0709057 0 0.7 0 1 0 1 0
v -0.220108 -0.1998 -0.0709057 0 0.7 0 1 0 1 0
v -0.21553 -0.1998 -0.0959873 0 0.7 0 1 0 1 0
v -0.214767 -0.1998 -0.0950336 0 0.7 0 1 0 1 0
v -0.216675 -0.1998 -0.0520706 0 0.7 0 1 0 1 0
v -0.220108 -0.1998 -0.0709057 0 0.7 0 1 0 1 0
v -0.214767 -0.1998 -0.0950336 0 0.7 0 1 0 1 0
v -0.212479 -0.1998 -0.0175476 0 0.7 0 1 0 1 0
v -0.216675 -0.1998 -0.0520706 0 0.7 0 1 0 1 0
v -0.214767 -0.1998 -0.0950336 0 0.7 0 1 0 1 0
v -0.212479 -0.1998 -0.0175476 0 0.7 0 1 0 1 0
v -0.214767 -0.1998 -0.0950336 0 0.7 0 1 0 1 0
v -0.206375 -0.1998 -0.0866413 0 0.7 0 1 0 1 0
v -0.267029 -0.1998 -0.13175 0 0.7 0 1 0 1 0
v -0.270462 -0.1998 -0.125265 0 0.7 0 1 0 1 0
v -0.272751 -0.1998 -0.133753 0 0.7 0 1 0 1 0
v -0.28801 -0.1998 -0.132656 0 0.7 0 1 0 1 0
v -0.301361 -0.1998 -0.121498 0 0.7 0 1 0 1 0
v -0.30365 -0.1998 -0.12207 0 0.7 0 1 0 1 0
v -0.30632 -0.1998 -0.12846 0 0.7 0 1 0 1 0
v -0.311279 -0.1998 -0.126696 0 0.7 0 1 0 1 0
v -0.312424 -0.1998 -0.132036 0 0.7 0 1 0 1 0
v -0.308228 -0.1998 -0.138187 0 0.7 0 1 0 1 0
v -0.308228 -0.1998 -0.143957 0 0.7 0 1 0 1 0
v -0.302124 -0.1998 -0.14801 0 0.7 0 1 0 1 0
v -0.272369 -0.1998 -0.163889 0 0.7 0 1 0 1 0
v -0.270844 -0.1998 -0.16675 0 0.7 0 1 0 1 0
v -0.267792 -0.1998 -0.150585 0 0.7 0 1 0 1 0
v -0.267029 -0.1998 -0.13175 0 0.7 0 1 0 1 0
v -0.272751 -0.1998 -0.133753 0 0.7 0 1 0 1 0
v -0.275421 -0.1998 -0.135851 0 0.7 0 1 0 1 0
v -0.28801 -0.1998 -0.132656 0 0.7 0 1 0 1 0
v -0.30365 -0.1998 -0.12207 0 0.7 0 1 0 1 0
v -0.30632 -0.1998 -0.12846 0 0.7 0 1 0 1 0
v -0.30632 -0.1998 -0.12846 0 0.7 0 1 0 1 0
v -0.312424 -0.1998 -0.132036 0 0.7 0 1 0 1 0
v -0.308228 -0.1998 -0.134802 0 0.7 0 1 0 1 0
v -0.308228 -0.1998 -0.134802 0 0.7 0 1 0 1 0
v -0.308228 -0.1998 -0.138187 0 0.7 0 1 0 1 0
v -0.302124 -0.1998 -0.14801 0 0.7 0 1 0 1 0
v -0.275421 -0.1998 -0.160503 0 0.7 0 1 0 1 0
v -0.272369 -0.1998 -0.163889 0 0.7 0 1 0 1 0
v -0.267792 -0.1998 -0.150585 0 0.7 0 1 0 1 0
v -0.279617 -0.1998 -0.136995 0 0.7 0 1 0 1 0
v -0.28801 -0.1998 -0.132656 0 0.7 0 1 0 1 0
v -0.30632 -0.1998 -0.12846 0 0.7 0 1 0 1 0
v -0.30632 -0.1998 -0.12846 0 0.7 0 1 0 1 0
v -0.308228 -0.1998 -0.134802 0 0.7 0 1 0 1 0
v -0.302124 -0.1998 -0.14801 0 0.7 0 1 0 1 0
v -0.279617 -0.1998 -0.15769 0 0.7 0 1 0 1 0
v -0.275421 -0.1998 -0.160503 0 0.7 0 1 0 1 0
v -0.267792 -0.1998 -0.150585 0 0.7 0 1 0 1 0
v -0.279617 -0.1998 -0.136995 0 0.7 0 1 0 1 0
v -0.30632 -0.1998 -0.12846 0 0.7 0 1 0 1 0
v -0.302124 -0.1998 -0.14801 0 0.7 0 1 0 1 0
v -0.29068 -0.1998 -0.150871 0 0.7 0 1 0 1 0
v -0.279617 -0.1998 -0.15769 0 0.7 0 1 0 1 0
v -0.267792 -0.1998 -0.150585 0 0.7 0 1 0 1 0
v -0.275421 -0.1998 -0.135851 0 0.7 0 1 0 1 0
v -0.279617 -0.1998 -0.136995 0 0.7 0 1 0 1 0
v -0.302124 -0.1998 -0.14801 0 0.7 0 1 0 1 0
v -0.302124 -0.1998 -0.14801 0 0.7 0 1 0 1 0
v -0.29068 -0.1998 -0.150871 0 0.7 0 1 0 1 0
v -0.267792 -0.1998 -0.150585 0 0.7 0 1 0 1 0
v -0.275421 -0.1998 -0.135851 0 0.7 0 1 0 1 0
v -0.302124 -0.1998 -0.14801 0 0.7 0 1 0 1 0
v -0.267792 -0.1998 -0.150585 0 0.7 0 1 0 1 0
v -0.267029 -0.1998 -0.13175 0 0.7 0 1 0 1 0
v -0.275421 -0.1998 -0.135851 0 0.7 0 1 0 1 0
v -0.267792 -0.1998 -0.150585 0 0.7 0 1 0 1 0
v -0.22049 -0.1998 -0.107956 0 0.7 0 1 0 1 0
v -0.224686 -0.1998 -0.115585 0 0.7 0 1 0 1 0
v -0.226974 -0.1998 -0.122738 0 0.7 0 1 0 1 0
v -0.226974 -0.1998 -0.122738 0 0.7 0 1 0 1 0
v -0.227356 -0.1998 -0.128174 0 0.7 0 1 0 1 0
v -0.227356 -0.1998 -0.137854 0 0.7 0 1 0 1 0
v -0.227356 -0.1998 -0.137854 0 0.7 0 1 0 1 0
v -0.225449 -0.1998 -0.145769 0 0.7 0 1 0 1 0
v -0.222778 -0.1998 -0.151014 0 0.7 0 1 0 1 0
v -0.222778 -0.1998 -0.151014 0 0.7 0 1 0 1 0
v -0.217819 -0.1998 -0.158978 0 0.7 0 1 0 1 0
v -0.213623 -0.1998 -0.161505 0 0.7 0 1 0 1 0
v -0.213623 -0.1998 -0.161505 0 0.7 0 1 0 1 0
v -0.208282 -0.1998 -0.161791 0 0.7 0 1 0 1 0
v -0.204468 -0.1998 -0.160503 0 0.7 0 1 0 1 0
v -0.204468 -0.1998 -0.160503 0 0.7 0 1 0 1 0
v -0.19989 -0.1998 -0.157881 0 0.7 0 1 0 1 0
v -0.196457 -0.1998 -0.153637 0 0.7 0 1 0 1 0
v -0.196457 -0.1998 -0.153637 0 0.7 0 1 0 1 0
v -0.193405 -0.1998 -0.142813 0 0.7 0 1 0 1 0
v -0.192261 -0.1998 -0.133801 0 0.7 0 1 0 1 0
v -0.192261 -0.1998 -0.133801 0 0.7 0 1 0 1 0
v -0.192642 -0.1998 -0.126839 0 0.7 0 1 0 1 0
v -0.195312 -0.1998 -0.113916 0 0.7 0 1 0 1 0
v -0.195312 -0.1998 -0.113916 0 0.7 0 1 0 1 0
v -0.198364 -0.1998 -0.101233 0 0.7 0 1 0 1 0
v -0.201416 -0.1998 -0.0946522 0 0.7 0 1 0 1 0
v -0.201416 -0.1998 -0.0946522 0 0.7 0 1 0 1 0
v -0.203323 -0.1998 -0.0910282 0 0.7 0 1 0 1 0
v -0.205994 -0.1998 -0.0909805 0 0.7 0 1 0 1 0
v -0.22049 -0.1998 -0.107956 0 0.7 0 1 0 1 0
v -0.226974 -0.1998 -0.122738 0 0.7 0 1 0 1 0
v -0.227356 -0.1998 -0.137854 0 0.7 0 1 0 1 0
v -0.227356 -0.1998 -0.137854 0 0.7 0 1 0 1 0
v -0.222778 -0.1998 -0.151014 0 0.7 0 1 0 1 0
v -0.213623 -0.1998 -0.161505 0 0.7 0 1 0 1 0
v -0.213623 -0.1998 -0.161505 0 0.7 0 1 0 1 0
v -0.204468 -0.1998 -0.160503 0 0.7 0 1 0 1 0
v -0.196457 -0.1998 -0.153637 0 0.7 0 1 0 1 0
v -0.196457 -0.1998 -0.153637 0 0.7 0 1 0 1 0
v -0.192261 -0.1998 -0.133801 0 0.7 0 1 0 1 0
v -0.195312 -0.1998 -0.113916 0 0.7 0 1 0 1 0
v -0.195312 -0.1998 -0.113916 0 0.7 0 1 0 1 0
v -0.201416 -0.1998 -0.0946522 0 0.7 0 1 0 1 0
v -0.205994 -0.1998 -0.0909805 0 0.7 0 1 0 1 0
v -0.22049 -0.1998 -0.107956 0 0.7 0 1 0 1 0
v -0.227356 -0.1998 -0.137854 0 0.7 0 1 0 1 0
v -0.213623 -0.1998 -0.161505 0 0.7 0 1 0 1 0
v -0.213623 -0.1998 -0.161505 0 0.7 0 1 0 1 0
v -0.196457 -0.1998 -0.153637 0 0.7 0 1 0 1 0
v -0.195312 -0.1998 -0.113916 0 0.7 0 1 0 1 0
v -0.195312 -0.1998 -0.113916 0 0.7 0 1 0 1 0
v -0.205994 -0.1998 -0.0909805 0 0.7 0 1 0 1 0
v -0.213242 -0.1998 -0.0983238 0 0.7 0 1 0 1 0
v -0.22049 -0.1998 -0.107956 0 0.7 0 1 0 1 0
v -0.213623 -0.1998 -0.161505 0 0.7 0 1 0 1 0
v -0.195312 -0.1998 -0.113916 0 0.7 0 1 0 1 0
v -0.22049 -0.1998 -0.107956 0 0.7 0 1 0 1 0
v -0.195312 -0.1998 -0.113916 0 0.7 0 1 0 1 0
v -0.213242 -0.1998 -0.0983238 0 0.7 0 1 0 1 0
v -0.187302 -0.1998 -0.158834 0 0.7 0 1 0 1 0
v -0.196838 -0.1998 -0.159264 0 0.7 0 1 0 1 0
v -0.198746 -0.1998 -0.161505 0 0.7 0 1 0 1 0
v -0.222397 -0.1998 -0.105047 0 0.7 0 1 0 1 0
v -0.220871 -0.1998 -0.102997 0 0.7 0 1 0 1 0
v -0.226974 -0.1998 -0.093174 0 0.7 0 1 0 1 0
v -0.226974 -0.1998 -0.093174 0 0.7 0 1 0 1 0
v -0.230408 -0.1998 -0.0937462 0 0.7 0 1 0 1 0
v -0.236511 -0.1998 -0.0967026 0 0.7 0 1 0 1 0
v -0.236511 -0.1998 -0.0967026 0 0.7 0 1 0 1 0
v -0.238037 -0.1998 -0.100946 0 0.7 0 1 0 1 0
v -0.239944 -0.1998 -0.10705 0 0.7 0 1 0 1 0
v -0.239944 -0.1998 -0.10705 0 0.7 0 1 0 1 0
v -0.239563 -0.1998 -0.114393 0 0.7 0 1 0 1 0
v -0.238419 -0.1998 -0.122929 0 0.7 0 1 0 1 0
v -0.238419 -0.1998 -0.148582 0 0.7 0 1 0 1 0
v -0.244904 -0.1998 -0.163794 0 0.7 0 1 0 1 0
v -0.242996 -0.1998 -0.173569 0 0.7 0 1 0 1 0
v -0.226593 -0.1998 -0.183964 0 0.7 0 1 0 1 0
v -0.224686 -0.1998 -0.208044 0 0.7 0 1 0 1 0
v -0.213623 -0.1998 -0.208139 0 0.7 0 1 0 1 0
v -0.213623 -0.1998 -0.208139 0 0.7 0 1 0 1 0
v -0.207138 -0.1998 -0.205183 0 0.7 0 1 0 1 0
v -0.202942 -0.1998 -0.198555 0 0.7 0 1 0 1 0
v -0.202942 -0.1998 -0.189924 0 0.7 0 1 0 1 0
v -0.192261 -0.1998 -0.178051 0 0.7 0 1 0 1 0
v -0.187683 -0.1998 -0.169563 0 0.7 0 1 0 1 0
v -0.187302 -0.1998 -0.158834 0 0.7 0 1 0 1 0
v -0.198746 -0.1998 -0.161505 0 0.7 0 1 0 1 0
v -0.203705 -0.1998 -0.16427 0 0.7 0 1 0 1 0
v -0.226593 -0.1998 -0.113249 0 0.7 0 1 0 1 0
v -0.222397 -0.1998 -0.105047 0 0.7 0 1 0 1 0
v -0.226974 -0.1998 -0.093174 0 0.7 0 1 0 1 0
v -0.226974 -0.1998 -0.093174 0 0.7 0 1 0 1 0
v -0.236511 -0.1998 -0.0967026 0 0.7 0 1 0 1 0
v -0.239944 -0.1998 -0.10705 0 0.7 0 1 0 1 0
v -0.238419 -0.1998 -0.148582 0 0.7 0 1 0 1 0
v -0.242996 -0.1998 -0.173569 0 0.7 0 1 0 1 0
v -0.228882 -0.1998 -0.179052 0 0.7 0 1 0 1 0
v -0.228882 -0.1998 -0.179052 0 0.7 0 1 0 1 0
v -0.226593 -0.1998 -0.183964 0 0.7 0 1 0 1 0
v -0.213623 -0.1998 -0.208139 0 0.7 0 1 0 1 0
v -0.213623 -0.1998 -0.208139 0 0.7 0 1 0 1 0
v -0.202942 -0.1998 -0.198555 0 0.7 0 1 0 1 0
v -0.202942 -0.1998 -0.189924 0 0.7 0 1 0 1 0
v -0.187302 -0.1998 -0.158834 0 0.7 0 1 0 1 0
v -0.203705 -0.1998 -0.16427 0 0.7 0 1 0 1 0
v -0.208282 -0.1998 -0.165892 0 0.7 0 1 0 1 0
v -0.229645 -0.1998 -0.12145 0 0.7 0 1 0 1 0
v -0.226593 -0.1998 -0.113249 0 0.7 0 1 0 1 0
v -0.226974 -0.1998 -0.093174 0 0.7 0 1 0 1 0
v -0.226974 -0.1998 -0.093174 0 0.7 0 1 0 1 0
v -0.239944 -0.1998 -0.10705 0 0.7 0 1 0 1 0
v -0.238419 -0.1998 -0.122929 0 0.7 0 1 0 1 0
v -0.237656 -0.1998 -0.133324 0 0.7 0 1 0 1 0
v -0.238419 -0.1998 -0.148582 0 0.7 0 1 0 1 0
v -0.228882 -0.1998 -0.179052 0 0.7 0 1 0 1 0
v -0.228882 -0.1998 -0.179052 0 0.7 0 1 0 1 0
v -0.213623 -0.1998 -0.208139 0 0.7 0 1 0 1 0
v -0.202942 -0.1998 -0.189924 0 0.7 0 1 0 1 0
v -0.229645 -0.1998 -0.12145 0 0.7 0 1 0 1 0
v -0.226974 -0.1998 -0.093174 0 0.7 0 1 0 1 0
v -0.238419 -0.1998 -0.122929 0 0.7 0 1 0 1 0
v -0.238419 -0.1998 -0.122929 0 0.7 0 1 0 1 0
v -0.237656 -0.1998 -0.133324 0 0.7 0 1 0 1 0
v -0.228882 -0.1998 -0.179052 0 0.7 0 1 0 1 0
v -0.228882 -0.1998 -0.179052 0 0.7 0 1 0 1 0
v -0.202942 -0.1998 -0.189924 0 0.7 0 1 0 1 0
v -0.187683 -0.1998 -0.169563 0 0.7 0 1 0 1 0
v -0.230026 -0.1998 -0.127983 0 0.7 0 1 0 1 0
v -0.229645 -0.1998 -0.12145 0 0.7 0 1 0 1 0
v -0.238419 -0.1998 -0.122929 0 0.7 0 1 0 1 0
v -0.229645 -0.1998 -0.138664 0 0.7 0 1 0 1 0
v -0.230026 -0.1998 -0.127983 0 0.7 0 1 0 1 0
v -0.238419 -0.1998 -0.122929 0 0.7 0 1 0 1 0
v -0.227737 -0.1998 -0.14782 0 0.7 0 1 0 1 0
v -0.229645 -0.1998 -0.138664 0 0.7 0 1 0 1 0
v -0.238419 -0.1998 -0.122929 0 0.7 0 1 0 1 0
v -0.227737 -0.1998 -0.14782 0 0.7 0 1 0 1 0
v -0.238419 -0.1998 -0.122929 0 0.7 0 1 0 1 0
v -0.228882 -0.1998 -0.179052 0 0.7 0 1 0 1 0
v -0.224686 -0.1998 -0.15378 0 0.7 0 1 0 1 0
v -0.227737 -0.1998 -0.14782 0 0.7 0 1 0 1 0
v -0.228882 -0.1998 -0.179052 0 0.7 0 1 0 1 0
v -0.218964 -0.1998 -0.162458 0 0.7 0 1 0 1 0
v -0.224686 -0.1998 -0.15378 0 0.7 0 1 0 1 0
v -0.228882 -0.1998 -0.179052 0 0.7 0 1 0 1 0
v -0.214386 -0.1998 -0.165558 0 0.7 0 1 0 1 0
v -0.218964 -0.1998 -0.162458 0 0.7 0 1 0 1 0
v -0.228882 -0.1998 -0.179052 0 0.7 0 1 0 1 0
v -0.208282 -0.1998 -0.165892 0 0.7 0 1 0 1 0
v -0.214386 -0.1998 -0.165558 0 0.7 0 1 0 1 0
v -0.228882 -0.1998 -0.179052 0 0.7 0 1 0 1 0
v -0.187302 -0.1998 -0.158834 0 0.7 0 1 0 1 0
v -0.208282 -0.1998 -0.165892 0 0.7 0 1 0 1 0
v -0.228882 -0.1998 -0.179052 0 0.7 0 1 0 1 0
v -0.187302 -0.1998 -0.158834 0 0.7 0 1 0 1 0
v -0.228882 -0.1998 -0.179052 0 0.7 0 1 0 1 0
v -0.187683 -0.1998 -0.169563 0 0.7 0 1 0 1 0
v -0.420761 -0.1998 -0.352192 0 0.7 0 1 0 1 0
v -0.408936 -0.1998 -0.367165 0 0.7 0 1 0 1 0
v -0.402832 -0.1998 -0.356674 0 0.7 0 1 0 1 0
v -0.473785 -0.1998 -0.274706 0 0.7 0 1 0 1 0
v -0.494003 -0.1998 -0.244045 0 0.7 0 1 0 1 0
v -0.496292 -0.1998 -0.248146 0 0.7 0 1 0 1 0
v -0.511932 -0.1998 -0.256014 0 0.7 0 1 0 1 0
v -0.523376 -0.1998 -0.248814 0 0.7 0 1 0 1 0
v -0.524139 -0.1998 -0.254393 0 0.7 0 1 0 1 0
v -0.527191 -0.1998 -0.276661 0 0.7 0 1 0 1 0
v -0.532532 -0.1998 -0.296211 0 0.7 0 1 0 1 0
v -0.539017 -0.1998 -0.33102 0 0.7 0 1 0 1 0
v -0.517273 -0.1998 -0.347471 0 0.7 0 1 0 1 0
v -0.51651 -0.1998 -0.348759 0 0.7 0 1 0 1 0
v -0.514603 -0.1998 -0.349951 0 0.7 0 1 0 1 0
v -0.514603 -0.1998 -0.349951 0 0.7 0 1 0 1 0
v -0.512695 -0.1998 -0.351095 0 0.7 0 1 0 1 0
v -0.505447 -0.1998 -0.35429 0 0.7 0 1 0 1 0
v -0.505447 -0.1998 -0.35429 0 0.7 0 1 0 1 0
v -0.495911 -0.1998 -0.357103 0 0.7 0 1 0 1 0
v -0.492859 -0.1998 -0.35758 0 0.7 0 1 0 1 0
v -0.492859 -0.1998 -0.35758 0 0.7 0 1 0 1 0
v -0.491333 -0.1998 -0.354099 0 0.7 0 1 0 1 0
v -0.479126 -0.1998 -0.323105 0 0.7 0 1 0 1 0
v -0.461578 -0.1998 -0.326014 0 0.7 0 1 0 1 0
v -0.46463 -0.1998 -0.322914 0 0.7 0 1 0 1 0
v -0.467682 -0.1998 -0.322485 0 0.7 0 1 0 1 0
v -0.467682 -0.1998 -0.322485 0 0.7 0 1 0 1 0
v -0.473404 -0.1998 -0.328541 0 0.7 0 1 0 1 0
v -0.4776 -0.1998 -0.345421 0 0.7 0 1 0 1 0
v -0.482941 -0.1998 -0.357294 0 0.7 0 1 0 1 0
v -0.487518 -0.1998 -0.363016 0 0.7 0 1 0 1 0
v -0.489426 -0.1998 -0.366831 0 0.7 0 1 0 1 0
v -0.512695 -0.1998 -0.363445 0 0.7 0 1 0 1 0
v -0.514984 -0.1998 -0.362253 0 0.7 0 1 0 1 0
v -0.51651 -0.1998 -0.369215 0 0.7 0 1 0 1 0
v -0.51651 -0.1998 -0.369215 0 0.7 0 1 0 1 0
v -0.501251 -0.1998 -0.37508 0 0.7 0 1 0 1 0
v -0.494003 -0.1998 -0.373316 0 0.7 0 1 0 1 0
v -0.489807 -0.1998 -0.370359 0 0.7 0 1 0 1 0
v -0.485992 -0.1998 -0.368071 0 0.7 0 1 0 1 0
v -0.481415 -0.1998 -0.360632 0 0.7 0 1 0 1 0
v -0.465393 -0.1998 -0.33021 0 0.7 0 1 0 1 0
v -0.456619 -0.1998 -0.327921 0 0.7 0 1 0 1 0
v -0.450134 -0.1998 -0.322676 0 0.7 0 1 0 1 0
v -0.420761 -0.1998 -0.352192 0 0.7 0 1 0 1 0
v -0.402832 -0.1998 -0.356674 0 0.7 0 1 0 1 0
v -0.421906 -0.1998 -0.336742 0 0.7 0 1 0 1 0
v -0.455475 -0.1998 -0.298119 0 0.7 0 1 0 1 0
v -0.473785 -0.1998 -0.274706 0 0.7 0 1 0 1 0
v -0.496292 -0.1998 -0.248146 0 0.7 0 1 0 1 0
v -0.511932 -0.1998 -0.256014 0 0.7 0 1 0 1 0
v -0.524139 -0.1998 -0.254393 0 0.7 0 1 0 1 0
v -0.527191 -0.1998 -0.276661 0 0.7 0 1 0 1 0
v -0.527191 -0.1998 -0.276661 0 0.7 0 1 0 1 0
v -0.539017 -0.1998 -0.33102 0 0.7 0 1 0 1 0
v -0.531769 -0.1998 -0.332785 0 0.7 0 1 0 1 0
v -0.519562 -0.1998 -0.344133 0 0.7 0 1 0 1 0
v -0.517273 -0.1998 -0.347471 0 0.7 0 1 0 1 0
v -0.514603 -0.1998 -0.349951 0 0.7 0 1 0 1 0
v -0.514603 -0.1998 -0.349951 0 0.7 0 1 0 1 0
v -0.505447 -0.1998 -0.35429 0 0.7 0 1 0 1 0
v -0.492859 -0.1998 -0.35758 0 0.7 0 1 0 1 0
v -0.492859 -0.1998 -0.35758 0 0.7 0 1 0 1 0
v -0.479126 -0.1998 -0.323105 0 0.7 0 1 0 1 0
v -0.47493 -0.1998 -0.311232 0 0.7 0 1 0 1 0
v -0.495911 -0.1998 -0.368309 0 0.7 0 1 0 1 0
v -0.512695 -0.1998 -0.363445 0 0.7 0 1 0 1 0
v -0.51651 -0.1998 -0.369215 0 0.7 0 1 0 1 0
v -0.51651 -0.1998 -0.369215 0 0.7 0 1 0 1 0
v -0.494003 -0.1998 -0.373316 0 0.7 0 1 0 1 0
v -0.489807 -0.1998 -0.370359 0 0.7 0 1 0 1 0
v -0.489807 -0.1998 -0.370359 0 0.7 0 1 0 1 0
v -0.481415 -0.1998 -0.360632 0 0.7 0 1 0 1 0
v -0.47493 -0.1998 -0.343847 0 0.7 0 1 0 1 0
v -0.420761 -0.1998 -0.352192 0 0.7 0 1 0 1 0
v -0.421906 -0.1998 -0.336742 0 0.7 0 1 0 1 0
v -0.437927 -0.1998 -0.318861 0 0.7 0 1 0 1 0
v -0.455475 -0.1998 -0.298119 0 0.7 0 1 0 1 0
v -0.496292 -0.1998 -0.248146 0 0.7 0 1 0 1 0
v -0.499725 -0.1998 -0.253248 0 0.7 0 1 0 1 0
v -0.507355 -0.1998 -0.256062 0 0.7 0 1 0 1 0
v -0.511932 -0.1998 -0.256014 0 0.7 0 1 0 1 0
v -0.527191 -0.1998 -0.276661 0 0.7 0 1 0 1 0
v -0.527191 -0.1998 -0.276661 0 0.7 0 1 0 1 0
v -0.531769 -0.1998 -0.332785 0 0.7 0 1 0 1 0
v -0.524902 -0.1998 -0.337124 0 0.7 0 1 0 1 0
v -0.524902 -0.1998 -0.337124 0 0.7 0 1 0 1 0
v -0.519562 -0.1998 -0.344133 0 0.7 0 1 0 1 0
v -0.514603 -0.1998 -0.349951 0 0.7 0 1 0 1 0
v -0.514603 -0.1998 -0.349951 0 0.7 0 1 0 1 0
v -0.492859 -0.1998 -0.35758 0 0.7 0 1 0 1 0
v -0.47493 -0.1998 -0.311232 0 0.7 0 1 0 1 0
v -0.495911 -0.1998 -0.368309 0 0.7 0 1 0 1 0
v -0.51651 -0.1998 -0.369215 0 0.7 0 1 0 1 0
v -0.489807 -0.1998 -0.370359 0 0.7 0 1 0 1 0
v -0.489807 -0.1998 -0.370359 0 0.7 0 1 0 1 0
v -0.47493 -0.1998 -0.343847 0 0.7 0 1 0 1 0
v -0.470734 -0.1998 -0.33493 0 0.7 0 1 0 1 0
v -0.420761 -0.1998 -0.352192 0 0.7 0 1 0 1 0
v -0.437927 -0.1998 -0.318861 0 0.7 0 1 0 1 0
v -0.455475 -0.1998 -0.298119 0 0.7 0 1 0 1 0
v -0.455475 -0.1998 -0.298119 0 0.7 0 1 0 1 0
v -0.499725 -0.1998 -0.253248 0 0.7 0 1 0 1 0
v -0.507355 -0.1998 -0.256062 0 0.7 0 1 0 1 0
v -0.507355 -0.1998 -0.256062 0 0.7 0 1 0 1 0
v -0.527191 -0.1998 -0.276661 0 0.7 0 1 0 1 0
v -0.524902 -0.1998 -0.337124 0 0.7 0 1 0 1 0
v -0.524902 -0.1998 -0.337124 0 0.7 0 1 0 1 0
v -0.514603 -0.1998 -0.349951 0 0.7 0 1 0 1 0
v -0.47493 -0.1998 -0.311232 0 0.7 0 1 0 1 0
v -0.489426 -0.1998 -0.366831 0 0.7 0 1 0 1 0
v -0.495911 -0.1998 -0.368309 0 0.7 0 1 0 1 0
v -0.489807 -0.1998 -0.370359 0 0.7 0 1 0 1 0
v -0.507355 -0.1998 -0.256062 0 0.7 0 1 0 1 0
v -0.524902 -0.1998 -0.337124 0 0.7 0 1 0 1 0
v -0.47493 -0.1998 -0.311232 0 0.7 0 1 0 1 0
v -0.482941 -0.1998 -0.357294 0 0.7 0 1 0 1 0
v -0.489426 -0.1998 -0.366831 0 0.7 0 1 0 1 0
v -0.489807 -0.1998 -0.370359 0 0.7 0 1 0 1 0
v -0.507355 -0.1998 -0.256062 0 0.7 0 1 0 1 0
v -0.47493 -0.1998 -0.311232 0 0.7 0 1 0 1 0
v -0.469971 -0.1998 -0.305891 0 0.7 0 1 0 1 0
v -0.482941 -0.1998 -0.357294 0 0.7 0 1 0 1 0
v -0.489807 -0.1998 -0.370359 0 0.7 0 1 0 1 0
v -0.470734 -0.1998 -0.33493 0 0.7 0 1 0 1 0
v -0.455475 -0.1998 -0.298119 0 0.7 0 1 0 1 0
v -0.507355 -0.1998 -0.256062 0 0.7 0 1 0 1 0
v -0.469971 -0.1998 -0.305891 0 0.7 0 1 0 1 0
v -0.4776 -0.1998 -0.345421 0 0.7 0 1 0 1 0
v -0.482941 -0.1998 -0.357294 0 0.7 0 1 0 1 0
v -0.470734 -0.1998 -0.33493 0 0.7 0 1 0 1 0
v -0.455475 -0.1998 -0.298119 0 0.7 0 1 0 1 0
v -0.469971 -0.1998 -0.305891 0 0.7 0 1 0 1 0
v -0.464249 -0.1998 -0.307131 0 0.7 0 1 0 1 0
v -0.467682 -0.1998 -0.322485 0 0.7 0 1 0 1 0
v -0.4776 -0.1998 -0.345421 0 0.7 0 1 0 1 0
v -0.470734 -0.1998 -0.33493 0 0.7 0 1 0 1 0
v -0.455475 -0.1998 -0.298119 0 0.7 0 1 0 1 0
v -0.464249 -0.1998 -0.307131 0 0.7 0 1 0 1 0
v -0.459671 -0.1998 -0.314903 0 0.7 0 1 0 1 0
v -0.461578 -0.1998 -0.326014 0 0.7 0 1 0 1 0
v -0.467682 -0.1998 -0.322485 0 0.7 0 1 0 1 0
v -0.470734 -0.1998 -0.33493 0 0.7 0 1 0 1 0
v -0.455475 -0.1998 -0.298119 0 0.7 0 1 0 1 0
v -0.459671 -0.1998 -0.314903 0 0.7 0 1 0 1 0
v -0.457001 -0.1998 -0.321484 0 0.7 0 1 0 1 0
v -0.461578 -0.1998 -0.326014 0 0.7 0 1 0 1 0
v -0.470734 -0.1998 -0.33493 0 0.7 0 1 0 1 0
v -0.465393 -0.1998 -0.33021 0 0.7 0 1 0 1 0
v -0.457764 -0.1998 -0.324917 0 0.7 0 1 0 1 0
v -0.461578 -0.1998 -0.326014 0 0.7 0 1 0 1 0
v -0.465393 -0.1998 -0.33021 0 0.7 0 1 0 1 0
v -0.457764 -0.1998 -0.324917 0 0.7 0 1 0 1 0
v -0.465393 -0.1998 -0.33021 0 0.7 0 1 0 1 0
v -0.450134 -0.1998 -0.322676 0 0.7 0 1 0 1 0
v -0.457001 -0.1998 -0.321484 0 0.7 0 1 0 1 0
v -0.457764 -0.1998 -0.324917 0 0.7 0 1 0 1 0
v -0.450134 -0.1998 -0.322676 0 0.7 0 1 0 1 0
v -0.455475 -0.1998 -0.298119 0 0.7 0 1 0 1 0
v -0.457001 -0.1998 -0.321484 0 0.7 0 1 0 1 0
v -0.450134 -0.1998 -0.322676 0 0.7 0 1 0 1 0
v -0.455475 -0.1998 -0.298119 0 0.7 0 1 0 1 0
v -0.450134 -0.1998 -0.322676 0 0.7 0 1 0 1 0
v -0.440598 -0.1998 -0.328922 0 0.7 0 1 0 1 0
v -0.577545 -0.1998 -0.335884 0 0.7 0 1 0 1 0
v -0.605392 -0.1998 -0.421906 0 0.7 0 1 0 1 0
v -0.537872 -0.1998 -0.445032 0 0.7 0 1 0 1 0
v -0.537872 -0.1998 -0.445032 0 0.7 0 1 0 1 0
v -0.519943 -0.1998 -0.359678 0 0.7 0 1 0 1 0
v -0.521469 -0.1998 -0.358725 0 0.7 0 1 0 1 0
v -0.521469 -0.1998 -0.358725 0 0.7 0 1 0 1 0
v -0.525284 -0.1998 -0.352144 0 0.7 0 1 0 1 0
v -0.530624 -0.1998 -0.346661 0 0.7 0 1 0 1 0
v -0.561142 -0.1998 -0.318956 0 0.7 0 1 0 1 0
v -0.551987 -0.1998 -0.325584 0 0.7 0 1 0 1 0
v -0.543213 -0.1998 -0.329971 0 0.7 0 1 0 1 0
v -0.543213 -0.1998 -0.329971 0 0.7 0 1 0 1 0
v -0.539017 -0.1998 -0.33102 0 0.7 0 1 0 1 0
v -0.532532 -0.1998 -0.296211 0 0.7 0 1 0 1 0
v -0.532532 -0.1998 -0.296211 0 0.7 0 1 0 1 0
v -0.527191 -0.1998 -0.276661 0 0.7 0 1 0 1 0
v -0.524139 -0.1998 -0.254393 0 0.7 0 1 0 1 0
v -0.524139 -0.1998 -0.254393 0 0.7 0 1 0 1 0
v -0.523376 -0.1998 -0.248814 0 0.7 0 1 0 1 0
v -0.53215 -0.1998 -0.242424 0 0.7 0 1 0 1 0
v -0.544739 -0.1998 -0.232029 0 0.7 0 1 0 1 0
v -0.544739 -0.1998 -0.213194 0 0.7 0 1 0 1 0
v -0.551224 -0.1998 -0.191307 0 0.7 0 1 0 1 0
v -0.577545 -0.1998 -0.335884 0 0.7 0 1 0 1 0
v -0.537872 -0.1998 -0.445032 0 0.7 0 1 0 1 0
v -0.521469 -0.1998 -0.358725 0 0.7 0 1 0 1 0
v -0.521469 -0.1998 -0.358725 0 0.7 0 1 0 1 0
v -0.530624 -0.1998 -0.346661 0 0.7 0 1 0 1 0
v -0.543213 -0.1998 -0.341511 0 0.7 0 1 0 1 0
v -0.561142 -0.1998 -0.318956 0 0.7 0 1 0 1 0
v -0.543213 -0.1998 -0.329971 0 0.7 0 1 0 1 0
v -0.532532 -0.1998 -0.296211 0 0.7 0 1 0 1 0
v -0.532532 -0.1998 -0.296211 0 0.7 0 1 0 1 0
v -0.524139 -0.1998 -0.254393 0 0.7 0 1 0 1 0
v -0.53215 -0.1998 -0.242424 0 0.7 0 1 0 1 0
v -0.544739 -0.1998 -0.232029 0 0.7 0 1 0 1 0
v -0.551224 -0.1998 -0.191307 0 0.7 0 1 0 1 0
v -0.574493 -0.1998 -0.139666 0 0.7 0 1 0 1 0
v -0.577545 -0.1998 -0.335884 0 0.7 0 1 0 1 0
v -0.521469 -0.1998 -0.358725 0 0.7 0 1 0 1 0
v -0.543213 -0.1998 -0.341511 0 0.7 0 1 0 1 0
v -0.563812 -0.1998 -0.319672 0 0.7 0 1 0 1 0
v -0.561142 -0.1998 -0.318956 0 0.7 0 1 0 1 0
v -0.532532 -0.1998 -0.296211 0 0.7 0 1 0 1 0
v -0.532532 -0.1998 -0.296211 0 0.7 0 1 0 1 0
v -0.53215 -0.1998 -0.242424 0 0.7 0 1 0 1 0
v -0.544739 -0.1998 -0.232029 0 0.7 0 1 0 1 0
v -0.577545 -0.1998 -0.335884 0 0.7 0 1 0 1 0
v -0.543213 -0.1998 -0.341511 0 0.7 0 1 0 1 0
v -0.563812 -0.1998 -0.328922 0 0.7 0 1 0 1 0
v -0.563812 -0.1998 -0.319672 0 0.7 0 1 0 1 0
v -0.532532 -0.1998 -0.296211 0 0.7 0 1 0 1 0
v -0.544739 -0.1998 -0.232029 0 0.7 0 1 0 1 0
v -0.577545 -0.1998 -0.335884 0 0.7 0 1 0 1 0
v -0.563812 -0.1998 -0.328922 0 0.7 0 1 0 1 0
v -0.565338 -0.1998 -0.323915 0 0.7 0 1 0 1 0
v -0.565338 -0.1998 -0.323915 0 0.7 0 1 0 1 0
v -0.563812 -0.1998 -0.319672 0 0.7 0 1 0 1 0
v -0.544739 -0.1998 -0.232029 0 0.7 0 1 0 1 0
v -0.56839 -0.1998 -0.29397 0 0.7 0 1 0 1 0
v -0.577545 -0.1998 -0.335884 0 0.7 0 1 0 1 0
v -0.565338 -0.1998 -0.323915 0 0.7 0 1 0 1 0
v -0.566864 -0.1998 -0.234127 0 0.7 0 1 0 1 0
v -0.56839 -0.1998 -0.29397 0 0.7 0 1 0 1 0
v -0.565338 -0.1998 -0.323915 0 0.7 0 1 0 1 0
v -0.566864 -0.1998 -0.234127 0 0.7 0 1 0 1 0
v -0.565338 -0.1998 -0.323915 0 0.7 0 1 0 1 0
v -0.544739 -0.1998 -0.232029 0 0.7 0 1 0 1 0
v -0.566864 -0.1998 -0.234127 0 0.7 0 1 0 1 0
v -0.544739 -0.1998 -0.232029 0 0.7 0 1 0 1 0
v -0.574493 -0.1998 -0.139666 0 0.7 0 1 0 1 0
v -0.468063 -0.1998 -0.447512 0 0.7 0 1 0 1 0
v -0.460434 -0.1998 -0.450754 0 0.7 0 1 0 1 0
v -0.455475 -0.1998 -0.451183 0 0.7 0 1 0 1 0
v -0.455475 -0.1998 -0.451183 0 0.7 0 1 0 1 0
v -0.453949 -0.1998 -0.451326 0 0.7 0 1 0 1 0
v -0.448608 -0.1998 -0.449324 0 0.7 0 1 0 1 0
v -0.448608 -0.1998 -0.449324 0 0.7 0 1 0 1 0
v -0.442505 -0.1998 -0.444698 0 0.7 0 1 0 1 0
v -0.437927 -0.1998 -0.439835 0 0.7 0 1 0 1 0
v -0.437927 -0.1998 -0.439835 0 0.7 0 1 0 1 0
v -0.434875 -0.1998 -0.434113 0 0.7 0 1 0 1 0
v -0.43335 -0.1998 -0.426054 0 0.7 0 1 0 1 0
v -0.43335 -0.1998 -0.426054 0 0.7 0 1 0 1 0
v -0.432968 -0.1998 -0.416183 0 0.7 0 1 0 1 0
v -0.433731 -0.1998 -0.405741 0 0.7 0 1 0 1 0
v -0.433731 -0.1998 -0.405741 0 0.7 0 1 0 1 0
v -0.437164 -0.1998 -0.396299 0 0.7 0 1 0 1 0
v -0.441742 -0.1998 -0.389338 0 0.7 0 1 0 1 0
v -0.441742 -0.1998 -0.389338 0 0.7 0 1 0 1 0
v -0.456619 -0.1998 -0.375748 0 0.7 0 1 0 1 0
v -0.476074 -0.1998 -0.372839 0 0.7 0 1 0 1 0
v -0.476074 -0.1998 -0.372839 0 0.7 0 1 0 1 0
v -0.489807 -0.1998 -0.370359 0 0.7 0 1 0 1 0
v -0.494003 -0.1998 -0.373316 0 0.7 0 1 0 1 0
v -0.501251 -0.1998 -0.37508 0 0.7 0 1 0 1 0
v -0.51651 -0.1998 -0.369215 0 0.7 0 1 0 1 0
v -0.52948 -0.1998 -0.430202 0 0.7 0 1 0 1 0
v -0.468063 -0.1998 -0.447512 0 0.7 0 1 0 1 0
v -0.455475 -0.1998 -0.451183 0 0.7 0 1 0 1 0
v -0.448608 -0.1998 -0.449324 0 0.7 0 1 0 1 0
v -0.448608 -0.1998 -0.449324 0 0.7 0 1 0 1 0
v -0.437927 -0.1998 -0.439835 0 0.7 0 1 0 1 0
v -0.43335 -0.1998 -0.426054 0 0.7 0 1 0 1 0
v -0.43335 -0.1998 -0.426054 0 0.7 0 1 0 1 0
v -0.433731 -0.1998 -0.405741 0 0.7 0 1 0 1 0
v -0.441742 -0.1998 -0.389338 0 0.7 0 1 0 1 0
v -0.441742 -0.1998 -0.389338 0 0.7 0 1 0 1 0
v -0.476074 -0.1998 -0.372839 0 0.7 0 1 0 1 0
v -0.494003 -0.1998 -0.373316 0 0.7 0 1 0 1 0
v -0.494003 -0.1998 -0.373316 0 0.7 0 1 0 1 0
v -0.501251 -0.1998 -0.37508 0 0.7 0 1 0 1 0
v -0.52948 -0.1998 -0.430202 0 0.7 0 1 0 1 0
v -0.484848 -0.1998 -0.442839 0 0.7 0 1 0 1 0
v -0.468063 -0.1998 -0.447512 0 0.7 0 1 0 1 0
v -0.448608 -0.1998 -0.449324 0 0.7 0 1 0 1 0
v -0.448608 -0.1998 -0.449324 0 0.7 0 1 0 1 0
v -0.43335 -0.1998 -0.426054 0 0.7 0 1 0 1 0
v -0.441742 -0.1998 -0.389338 0 0.7 0 1 0 1 0
v -0.441742 -0.1998 -0.389338 0 0.7 0 1 0 1 0
v -0.494003 -0.1998 -0.373316 0 0.7 0 1 0 1 0
v -0.52948 -0.1998 -0.430202 0 0.7 0 1 0 1 0
v -0.484848 -0.1998 -0.442839 0 0.7 0 1 0 1 0
v -0.448608 -0.1998 -0.449324 0 0.7 0 1 0 1 0
v -0.441742 -0.1998 -0.389338 0 0.7 0 1 0 1 0
v -0.441742 -0.1998 -0.389338 0 0.7 0 1 0 1 0
v -0.52948 -0.1998 -0.430202 0 0.7 0 1 0 1 0
v -0.505447 -0.1998 -0.435162 0 0.7 0 1 0 1 0
v -0.484848 -0.1998 -0.442839 0 0.7 0 1 0 1 0
v -0.441742 -0.1998 -0.389338 0 0.7 0 1 0 1 0
v -0.505447 -0.1998 -0.435162 0 0.7 0 1 0 1 0
v -0.534058 -0.1998 -0.482512 0 0.7 0 1 0 1 0
v -0.536728 -0.1998 -0.486612 0 0.7 0 1 0 1 0
v -0.539017 -0.1998 -0.496292 0 0.7 0 1 0 1 0
v -0.539017 -0.1998 -0.496292 0 0.7 0 1 0 1 0
v -0.542831 -0.1998 -0.519133 0 0.7 0 1 0 1 0
v -0.443268 -0.1998 -0.554276 0 0.7 0 1 0 1 0
v -0.443268 -0.1998 -0.554276 0 0.7 0 1 0 1 0
v -0.434113 -0.1998 -0.520563 0 0.7 0 1 0 1 0
v -0.444794 -0.1998 -0.515032 0 0.7 0 1 0 1 0
v -0.534058 -0.1998 -0.482512 0 0.7 0 1 0 1 0
v -0.539017 -0.1998 -0.496292 0 0.7 0 1 0 1 0
v -0.443268 -0.1998 -0.554276 0 0.7 0 1 0 1 0
v -0.443268 -0.1998 -0.554276 0 0.7 0 1 0 1 0
v -0.444794 -0.1998 -0.515032 0 0.7 0 1 0 1 0
v -0.468445 -0.1998 -0.505161 0 0.7 0 1 0 1 0
v -0.534058 -0.1998 -0.482512 0 0.7 0 1 0 1 0
v -0.443268 -0.1998 -0.554276 0 0.7 0 1 0 1 0
v -0.468445 -0.1998 -0.505161 0 0.7 0 1 0 1 0
v -0.323105 -0.1998 -0.578785 0 0.7 0 1 0 1 0
v -0.304031 -0.1998 -0.59495 0 0.7 0 1 0 1 0
v -0.299835 -0.1998 -0.590754 0 0.7 0 1 0 1 0
v -0.279617 -0.1998 -0.591803 0 0.7 0 1 0 1 0
v -0.274277 -0.1998 -0.596809 0 0.7 0 1 0 1 0
v -0.268173 -0.1998 -0.601006 0 0.7 0 1 0 1 0
v -0.263596 -0.1998 -0.606489 0 0.7 0 1 0 1 0
v -0.259399 -0.1998 -0.613022 0 0.7 0 1 0 1 0
v -0.255585 -0.1998 -0.618792 0 0.7 0 1 0 1 0
v -0.255585 -0.1998 -0.618792 0 0.7 0 1 0 1 0
v -0.252914 -0.1998 -0.621939 0 0.7 0 1 0 1 0
v -0.251007 -0.1998 -0.622463 0 0.7 0 1 0 1 0
v -0.251007 -0.1998 -0.622463 0 0.7 0 1 0 1 0
v -0.248337 -0.1998 -0.622225 0 0.7 0 1 0 1 0
v -0.247192 -0.1998 -0.619936 0 0.7 0 1 0 1 0
v -0.247192 -0.1998 -0.619936 0 0.7 0 1 0 1 0
v -0.246429 -0.1998 -0.616837 0 0.7 0 1 0 1 0
v -0.246048 -0.1998 -0.613451 0 0.7 0 1 0 1 0
v -0.246048 -0.1998 -0.613451 0 0.7 0 1 0 1 0
v -0.247192 -0.1998 -0.611401 0 0.7 0 1 0 1 0
v -0.249863 -0.1998 -0.609541 0 0.7 0 1 0 1 0
v -0.255585 -0.1998 -0.603771 0 0.7 0 1 0 1 0
v -0.255966 -0.1998 -0.595713 0 0.7 0 1 0 1 0
v -0.256729 -0.1998 -0.587463 0 0.7 0 1 0 1 0
v -0.256729 -0.1998 -0.587463 0 0.7 0 1 0 1 0
v -0.258255 -0.1998 -0.579929 0 0.7 0 1 0 1 0
v -0.268555 -0.1998 -0.554132 0 0.7 0 1 0 1 0
v -0.264359 -0.1998 -0.538921 0 0.7 0 1 0 1 0
v -0.259399 -0.1998 -0.53792 0 0.7 0 1 0 1 0
v -0.284576 -0.1998 -0.496435 0 0.7 0 1 0 1 0
v -0.284576 -0.1998 -0.496435 0 0.7 0 1 0 1 0
v -0.303268 -0.1998 -0.470114 0 0.7 0 1 0 1 0
v -0.323105 -0.1998 -0.444412 0 0.7 0 1 0 1 0
v -0.323105 -0.1998 -0.444412 0 0.7 0 1 0 1 0
v -0.350189 -0.1998 -0.413036 0 0.7 0 1 0 1 0
v -0.356293 -0.1998 -0.425148 0 0.7 0 1 0 1 0
v -0.356293 -0.1998 -0.425148 0 0.7 0 1 0 1 0
v -0.3582 -0.1998 -0.429106 0 0.7 0 1 0 1 0
v -0.354004 -0.1998 -0.431299 0 0.7 0 1 0 1 0
v -0.340652 -0.1998 -0.454521 0 0.7 0 1 0 1 0
v -0.332642 -0.1998 -0.473547 0 0.7 0 1 0 1 0
v -0.326538 -0.1998 -0.486565 0 0.7 0 1 0 1 0
v -0.313187 -0.1998 -0.510311 0 0.7 0 1 0 1 0
v -0.310898 -0.1998 -0.517607 0 0.7 0 1 0 1 0
v -0.305939 -0.1998 -0.527239 0 0.7 0 1 0 1 0
v -0.305939 -0.1998 -0.527239 0 0.7 0 1 0 1 0
v -0.302505 -0.1998 -0.530672 0 0.7 0 1 0 1 0
v -0.294113 -0.1998 -0.531006 0 0.7 0 1 0 1 0
v -0.286484 -0.1998 -0.546646 0 0.7 0 1 0 1 0
v -0.30098 -0.1998 -0.535965 0 0.7 0 1 0 1 0
v -0.303268 -0.1998 -0.543165 0 0.7 0 1 0 1 0
v -0.303268 -0.1998 -0.543165 0 0.7 0 1 0 1 0
v -0.310516 -0.1998 -0.541925 0 0.7 0 1 0 1 0
v -0.319672 -0.1998 -0.564623 0 0.7 0 1 0 1 0
v -0.319672 -0.1998 -0.564623 0 0.7 0 1 0 1 0
v -0.368118 -0.1998 -0.473928 0 0.7 0 1 0 1 0
v -0.37117 -0.1998 -0.47822 0 0.7 0 1 0 1 0
v -0.37117 -0.1998 -0.47822 0 0.7 0 1 0 1 0
v -0.37384 -0.1998 -0.479603 0 0.7 0 1 0 1 0
v -0.344467 -0.1998 -0.542307 0 0.7 0 1 0 1 0
v -0.323105 -0.1998 -0.578785 0 0.7 0 1 0 1 0
v -0.299835 -0.1998 -0.590754 0 0.7 0 1 0 1 0
v -0.294495 -0.1998 -0.587988 0 0.7 0 1 0 1 0
v -0.263596 -0.1998 -0.606489 0 0.7 0 1 0 1 0
v -0.255585 -0.1998 -0.618792 0 0.7 0 1 0 1 0
v -0.251007 -0.1998 -0.622463 0 0.7 0 1 0 1 0
v -0.251007 -0.1998 -0.622463 0 0.7 0 1 0 1 0
v -0.247192 -0.1998 -0.619936 0 0.7 0 1 0 1 0
v -0.246048 -0.1998 -0.613451 0 0.7 0 1 0 1 0
v -0.246048 -0.1998 -0.613451 0 0.7 0 1 0 1 0
v -0.249863 -0.1998 -0.609541 0 0.7 0 1 0 1 0
v -0.252914 -0.1998 -0.608206 0 0.7 0 1 0 1 0
v -0.255585 -0.1998 -0.603771 0 0.7 0 1 0 1 0
v -0.256729 -0.1998 -0.587463 0 0.7 0 1 0 1 0
v -0.268555 -0.1998 -0.554132 0 0.7 0 1 0 1 0
v -0.267029 -0.1998 -0.541735 0 0.7 0 1 0 1 0
v -0.264359 -0.1998 -0.538921 0 0.7 0 1 0 1 0
v -0.284576 -0.1998 -0.496435 0 0.7 0 1 0 1 0
v -0.284576 -0.1998 -0.496435 0 0.7 0 1 0 1 0
v -0.323105 -0.1998 -0.444412 0 0.7 0 1 0 1 0
v -0.356293 -0.1998 -0.425148 0 0.7 0 1 0 1 0
v -0.356293 -0.1998 -0.425148 0 0.7 0 1 0 1 0
v -0.354004 -0.1998 -0.431299 0 0.7 0 1 0 1 0
v -0.347137 -0.1998 -0.440216 0 0.7 0 1 0 1 0
v -0.340652 -0.1998 -0.454521 0 0.7 0 1 0 1 0
v -0.326538 -0.1998 -0.486565 0 0.7 0 1 0 1 0
v -0.315475 -0.1998 -0.504827 0 0.7 0 1 0 1 0
v -0.315475 -0.1998 -0.504827 0 0.7 0 1 0 1 0
v -0.313187 -0.1998 -0.510311 0 0.7 0 1 0 1 0
v -0.305939 -0.1998 -0.527239 0 0.7 0 1 0 1 0
v -0.286484 -0.1998 -0.546646 0 0.7 0 1 0 1 0
v -0.303268 -0.1998 -0.543165 0 0.7 0 1 0 1 0
v -0.319672 -0.1998 -0.564623 0 0.7 0 1 0 1 0
v -0.319672 -0.1998 -0.564623 0 0.7 0 1 0 1 0
v -0.37117 -0.1998 -0.47822 0 0.7 0 1 0 1 0
v -0.344467 -0.1998 -0.542307 0 0.7 0 1 0 1 0
v -0.323105 -0.1998 -0.578785 0 0.7 0 1 0 1 0
v -0.294495 -0.1998 -0.587988 0 0.7 0 1 0 1 0
v -0.288773 -0.1998 -0.587559 0 0.7 0 1 0 1 0
v -0.263596 -0.1998 -0.606489 0 0.7 0 1 0 1 0
v -0.251007 -0.1998 -0.622463 0 0.7 0 1 0 1 0
v -0.246048 -0.1998 -0.613451 0 0.7 0 1 0 1 0
v -0.268555 -0.1998 -0.545073 0 0.7 0 1 0 1 0
v -0.267029 -0.1998 -0.541735 0 0.7 0 1 0 1 0
v -0.284576 -0.1998 -0.496435 0 0.7 0 1 0 1 0
v -0.284576 -0.1998 -0.496435 0 0.7 0 1 0 1 0
v -0.356293 -0.1998 -0.425148 0 0.7 0 1 0 1 0
v -0.347137 -0.1998 -0.440216 0 0.7 0 1 0 1 0
v -0.347137 -0.1998 -0.440216 0 0.7 0 1 0 1 0
v -0.340652 -0.1998 -0.454521 0 0.7 0 1 0 1 0
v -0.315475 -0.1998 -0.504827 0 0.7 0 1 0 1 0
v -0.315475 -0.1998 -0.504827 0 0.7 0 1 0 1 0
v -0.305939 -0.1998 -0.527239 0 0.7 0 1 0 1 0
v -0.294113 -0.1998 -0.531006 0 0.7 0 1 0 1 0
v -0.319672 -0.1998 -0.564623 0 0.7 0 1 0 1 0
v -0.344467 -0.1998 -0.542307 0 0.7 0 1 0 1 0
v -0.340271 -0.1998 -0.546217 0 0.7 0 1 0 1 0
v -0.268173 -0.1998 -0.601006 0 0.7 0 1 0 1 0
v -0.263596 -0.1998 -0.606489 0 0.7 0 1 0 1 0
v -0.246048 -0.1998 -0.613451 0 0.7 0 1 0 1 0
v -0.268555 -0.1998 -0.554132 0 0.7 0 1 0 1 0
v -0.268555 -0.1998 -0.545073 0 0.7 0 1 0 1 0
v -0.284576 -0.1998 -0.496435 0 0.7 0 1 0 1 0
v -0.284576 -0.1998 -0.496435 0 0.7 0 1 0 1 0
v -0.347137 -0.1998 -0.440216 0 0.7 0 1 0 1 0
v -0.315475 -0.1998 -0.504827 0 0.7 0 1 0 1 0
v -0.315475 -0.1998 -0.504827 0 0.7 0 1 0 1 0
v -0.294113 -0.1998 -0.531006 0 0.7 0 1 0 1 0
v -0.29068 -0.1998 -0.533915 0 0.7 0 1 0 1 0
v -0.319672 -0.1998 -0.564623 0 0.7 0 1 0 1 0
v -0.340271 -0.1998 -0.546217 0 0.7 0 1 0 1 0
v -0.336075 -0.1998 -0.550652 0 0.7 0 1 0 1 0
v -0.279617 -0.1998 -0.591803 0 0.7 0 1 0 1 0
v -0.268173 -0.1998 -0.601006 0 0.7 0 1 0 1 0
v -0.246048 -0.1998 -0.613451 0 0.7 0 1 0 1 0
v -0.255585 -0.1998 -0.603771 0 0.7 0 1 0 1 0
v -0.268555 -0.1998 -0.554132 0 0.7 0 1 0 1 0
v -0.284576 -0.1998 -0.496435 0 0.7 0 1 0 1 0
v -0.284576 -0.1998 -0.496435 0 0.7 0 1 0 1 0
v -0.315475 -0.1998 -0.504827 0 0.7 0 1 0 1 0
v -0.29068 -0.1998 -0.533915 0 0.7 0 1 0 1 0
v -0.319672 -0.1998 -0.564623 0 0.7 0 1 0 1 0
v -0.336075 -0.1998 -0.550652 0 0.7 0 1 0 1 0
v -0.333405 -0.1998 -0.556374 0 0.7 0 1 0 1 0
v -0.279617 -0.1998 -0.591803 0 0.7 0 1 0 1 0
v -0.246048 -0.1998 -0.613451 0 0.7 0 1 0 1 0
